0.000000000000000000e+00
2.000000000000000000e+00
3.000000000000000000e+00
1.400000000000000000e+01
1.600000000000000000e+01
1.900000000000000000e+01
2.900000000000000000e+01
3.600000000000000000e+01
3.800000000000000000e+01
5.500000000000000000e+01
6.300000000000000000e+01
6.500000000000000000e+01
6.600000000000000000e+01
7.200000000000000000e+01
8.100000000000000000e+01
8.200000000000000000e+01
8.700000000000000000e+01
8.800000000000000000e+01
8.900000000000000000e+01
9.300000000000000000e+01
9.400000000000000000e+01
9.600000000000000000e+01
1.020000000000000000e+02
1.070000000000000000e+02
1.110000000000000000e+02
1.160000000000000000e+02
1.180000000000000000e+02
1.190000000000000000e+02
1.230000000000000000e+02
1.260000000000000000e+02
1.390000000000000000e+02
1.500000000000000000e+02
1.560000000000000000e+02
1.630000000000000000e+02
1.680000000000000000e+02
1.690000000000000000e+02
1.800000000000000000e+02
1.910000000000000000e+02
2.080000000000000000e+02
2.100000000000000000e+02
2.150000000000000000e+02
2.180000000000000000e+02
2.190000000000000000e+02
2.280000000000000000e+02
2.330000000000000000e+02
2.390000000000000000e+02
2.400000000000000000e+02
2.410000000000000000e+02
2.490000000000000000e+02
2.630000000000000000e+02
2.640000000000000000e+02
2.650000000000000000e+02
2.680000000000000000e+02
2.740000000000000000e+02
2.860000000000000000e+02
2.880000000000000000e+02
2.890000000000000000e+02
2.920000000000000000e+02
3.050000000000000000e+02
3.090000000000000000e+02
3.100000000000000000e+02
3.170000000000000000e+02
3.180000000000000000e+02
3.190000000000000000e+02
3.210000000000000000e+02
3.260000000000000000e+02
3.280000000000000000e+02
3.330000000000000000e+02
3.370000000000000000e+02
3.470000000000000000e+02
3.480000000000000000e+02
3.560000000000000000e+02
3.570000000000000000e+02
3.590000000000000000e+02
3.610000000000000000e+02
3.620000000000000000e+02
3.650000000000000000e+02
3.660000000000000000e+02
3.680000000000000000e+02
3.690000000000000000e+02
3.730000000000000000e+02
3.890000000000000000e+02
3.940000000000000000e+02
3.980000000000000000e+02
4.140000000000000000e+02
4.150000000000000000e+02
4.200000000000000000e+02
4.230000000000000000e+02
4.250000000000000000e+02
4.320000000000000000e+02
4.330000000000000000e+02
4.340000000000000000e+02
4.350000000000000000e+02
4.470000000000000000e+02
4.490000000000000000e+02
4.500000000000000000e+02
4.620000000000000000e+02
4.790000000000000000e+02
4.820000000000000000e+02
4.890000000000000000e+02
4.910000000000000000e+02
4.970000000000000000e+02
5.020000000000000000e+02
5.060000000000000000e+02
5.120000000000000000e+02
5.140000000000000000e+02
5.160000000000000000e+02
5.170000000000000000e+02
5.210000000000000000e+02
5.290000000000000000e+02
5.460000000000000000e+02
5.520000000000000000e+02
5.690000000000000000e+02
5.740000000000000000e+02
5.780000000000000000e+02
5.840000000000000000e+02
5.860000000000000000e+02
5.880000000000000000e+02
5.920000000000000000e+02
5.950000000000000000e+02
6.060000000000000000e+02
6.080000000000000000e+02
6.110000000000000000e+02
6.150000000000000000e+02
6.190000000000000000e+02
6.200000000000000000e+02
6.220000000000000000e+02
6.250000000000000000e+02
6.310000000000000000e+02
6.330000000000000000e+02
6.360000000000000000e+02
6.410000000000000000e+02
6.530000000000000000e+02
6.540000000000000000e+02
6.550000000000000000e+02
6.590000000000000000e+02
6.620000000000000000e+02
6.660000000000000000e+02
6.840000000000000000e+02
6.880000000000000000e+02
6.890000000000000000e+02
6.900000000000000000e+02
6.910000000000000000e+02
6.920000000000000000e+02
6.950000000000000000e+02
6.990000000000000000e+02
7.250000000000000000e+02
7.260000000000000000e+02
7.350000000000000000e+02
7.440000000000000000e+02
7.480000000000000000e+02
7.490000000000000000e+02
7.530000000000000000e+02
7.540000000000000000e+02
7.550000000000000000e+02
7.560000000000000000e+02
7.580000000000000000e+02
7.620000000000000000e+02
7.630000000000000000e+02
7.650000000000000000e+02
7.660000000000000000e+02
7.950000000000000000e+02
7.960000000000000000e+02
8.090000000000000000e+02
8.110000000000000000e+02
8.160000000000000000e+02
8.340000000000000000e+02
8.470000000000000000e+02
8.500000000000000000e+02
8.660000000000000000e+02
8.720000000000000000e+02
8.770000000000000000e+02
8.810000000000000000e+02
8.820000000000000000e+02
8.920000000000000000e+02
8.980000000000000000e+02
8.990000000000000000e+02
9.040000000000000000e+02
9.110000000000000000e+02
9.220000000000000000e+02
9.300000000000000000e+02
9.310000000000000000e+02
9.340000000000000000e+02
9.430000000000000000e+02
9.480000000000000000e+02
9.500000000000000000e+02
9.530000000000000000e+02
9.620000000000000000e+02
9.630000000000000000e+02
9.660000000000000000e+02
9.820000000000000000e+02
9.840000000000000000e+02
1.000000000000000000e+03
1.017000000000000000e+03
1.018000000000000000e+03
1.032000000000000000e+03
1.043000000000000000e+03
1.056000000000000000e+03
1.060000000000000000e+03
1.065000000000000000e+03
1.067000000000000000e+03
1.072000000000000000e+03
1.083000000000000000e+03
1.092000000000000000e+03
1.100000000000000000e+03
1.105000000000000000e+03
1.107000000000000000e+03
1.129000000000000000e+03
1.132000000000000000e+03
1.135000000000000000e+03
1.143000000000000000e+03
1.145000000000000000e+03
1.159000000000000000e+03
1.167000000000000000e+03
1.169000000000000000e+03
1.178000000000000000e+03
1.179000000000000000e+03
1.181000000000000000e+03
1.186000000000000000e+03
1.188000000000000000e+03
1.189000000000000000e+03
1.193000000000000000e+03
1.195000000000000000e+03
1.203000000000000000e+03
1.214000000000000000e+03
1.216000000000000000e+03
1.217000000000000000e+03
1.225000000000000000e+03
1.227000000000000000e+03
1.231000000000000000e+03
1.246000000000000000e+03
1.247000000000000000e+03
1.263000000000000000e+03
1.271000000000000000e+03
1.272000000000000000e+03
1.284000000000000000e+03
1.285000000000000000e+03
1.286000000000000000e+03
1.300000000000000000e+03
1.301000000000000000e+03
1.306000000000000000e+03
1.307000000000000000e+03
1.312000000000000000e+03
1.314000000000000000e+03
1.315000000000000000e+03
1.316000000000000000e+03
1.323000000000000000e+03
1.333000000000000000e+03
1.339000000000000000e+03
1.348000000000000000e+03
1.351000000000000000e+03
1.352000000000000000e+03
1.360000000000000000e+03
1.365000000000000000e+03
1.371000000000000000e+03
1.374000000000000000e+03
1.376000000000000000e+03
1.384000000000000000e+03
1.386000000000000000e+03
1.387000000000000000e+03
1.388000000000000000e+03
1.394000000000000000e+03
1.395000000000000000e+03
1.396000000000000000e+03
1.398000000000000000e+03
1.403000000000000000e+03
1.413000000000000000e+03
1.416000000000000000e+03
1.418000000000000000e+03
1.429000000000000000e+03
1.430000000000000000e+03
1.431000000000000000e+03
1.433000000000000000e+03
1.436000000000000000e+03
1.438000000000000000e+03
1.446000000000000000e+03
1.451000000000000000e+03
1.454000000000000000e+03
1.457000000000000000e+03
1.459000000000000000e+03
1.461000000000000000e+03
1.467000000000000000e+03
1.474000000000000000e+03
1.484000000000000000e+03
1.492000000000000000e+03
1.504000000000000000e+03
1.506000000000000000e+03
1.514000000000000000e+03
1.515000000000000000e+03
1.516000000000000000e+03
1.521000000000000000e+03
1.523000000000000000e+03
1.531000000000000000e+03
1.540000000000000000e+03
1.543000000000000000e+03
1.551000000000000000e+03
1.577000000000000000e+03
1.580000000000000000e+03
1.588000000000000000e+03
1.591000000000000000e+03
1.598000000000000000e+03
1.599000000000000000e+03
1.602000000000000000e+03
1.603000000000000000e+03
1.606000000000000000e+03
1.613000000000000000e+03
1.614000000000000000e+03
1.615000000000000000e+03
1.630000000000000000e+03
1.646000000000000000e+03
1.648000000000000000e+03
1.653000000000000000e+03
1.655000000000000000e+03
1.667000000000000000e+03
1.671000000000000000e+03
1.672000000000000000e+03
1.673000000000000000e+03
1.682000000000000000e+03
1.688000000000000000e+03
1.691000000000000000e+03
1.693000000000000000e+03
1.701000000000000000e+03
1.711000000000000000e+03
1.712000000000000000e+03
1.713000000000000000e+03
1.718000000000000000e+03
1.719000000000000000e+03
1.720000000000000000e+03
1.721000000000000000e+03
1.729000000000000000e+03
1.733000000000000000e+03
1.736000000000000000e+03
1.740000000000000000e+03
1.741000000000000000e+03
1.761000000000000000e+03
1.765000000000000000e+03
1.766000000000000000e+03
1.768000000000000000e+03
1.771000000000000000e+03
1.774000000000000000e+03
1.776000000000000000e+03
1.778000000000000000e+03
1.785000000000000000e+03
1.786000000000000000e+03
1.791000000000000000e+03
1.797000000000000000e+03
1.806000000000000000e+03
1.807000000000000000e+03
1.808000000000000000e+03
1.816000000000000000e+03
1.821000000000000000e+03
1.823000000000000000e+03
1.825000000000000000e+03
1.826000000000000000e+03
1.831000000000000000e+03
1.840000000000000000e+03
1.841000000000000000e+03
1.842000000000000000e+03
1.844000000000000000e+03
1.848000000000000000e+03
1.849000000000000000e+03
1.858000000000000000e+03
1.866000000000000000e+03
1.868000000000000000e+03
1.871000000000000000e+03
1.876000000000000000e+03
1.879000000000000000e+03
1.880000000000000000e+03
1.887000000000000000e+03
1.891000000000000000e+03
1.902000000000000000e+03
1.903000000000000000e+03
1.910000000000000000e+03
1.912000000000000000e+03
1.913000000000000000e+03
1.920000000000000000e+03
1.930000000000000000e+03
1.941000000000000000e+03
1.943000000000000000e+03
1.944000000000000000e+03
1.950000000000000000e+03
1.956000000000000000e+03
1.963000000000000000e+03
1.966000000000000000e+03
1.967000000000000000e+03
1.978000000000000000e+03
1.983000000000000000e+03
1.995000000000000000e+03
2.007000000000000000e+03
2.011000000000000000e+03
2.019000000000000000e+03
2.020000000000000000e+03
2.022000000000000000e+03
2.025000000000000000e+03
2.027000000000000000e+03
2.031000000000000000e+03
2.035000000000000000e+03
2.041000000000000000e+03
2.069000000000000000e+03
2.074000000000000000e+03
2.075000000000000000e+03
2.077000000000000000e+03
2.083000000000000000e+03
2.090000000000000000e+03
2.091000000000000000e+03
2.093000000000000000e+03
2.099000000000000000e+03
2.101000000000000000e+03
2.109000000000000000e+03
2.120000000000000000e+03
2.122000000000000000e+03
2.124000000000000000e+03
2.133000000000000000e+03
2.142000000000000000e+03
2.143000000000000000e+03
2.147000000000000000e+03
2.148000000000000000e+03
2.149000000000000000e+03
2.151000000000000000e+03
2.154000000000000000e+03
2.156000000000000000e+03
2.158000000000000000e+03
2.164000000000000000e+03
2.165000000000000000e+03
2.169000000000000000e+03
2.173000000000000000e+03
2.174000000000000000e+03
2.175000000000000000e+03
2.182000000000000000e+03
2.184000000000000000e+03
2.186000000000000000e+03
2.188000000000000000e+03
2.196000000000000000e+03
2.204000000000000000e+03
2.209000000000000000e+03
2.215000000000000000e+03
2.225000000000000000e+03
2.228000000000000000e+03
2.233000000000000000e+03
2.255000000000000000e+03
2.256000000000000000e+03
2.262000000000000000e+03
2.265000000000000000e+03
2.266000000000000000e+03
2.277000000000000000e+03
2.279000000000000000e+03
2.284000000000000000e+03
2.297000000000000000e+03
2.300000000000000000e+03
2.303000000000000000e+03
2.309000000000000000e+03
2.317000000000000000e+03
2.319000000000000000e+03
2.321000000000000000e+03
2.323000000000000000e+03
2.326000000000000000e+03
2.327000000000000000e+03
2.330000000000000000e+03
2.332000000000000000e+03
2.336000000000000000e+03
2.337000000000000000e+03
2.339000000000000000e+03
2.342000000000000000e+03
2.348000000000000000e+03
2.349000000000000000e+03
2.354000000000000000e+03
2.364000000000000000e+03
2.365000000000000000e+03
2.373000000000000000e+03
2.377000000000000000e+03
2.379000000000000000e+03
2.381000000000000000e+03
2.385000000000000000e+03
2.389000000000000000e+03
2.391000000000000000e+03
2.400000000000000000e+03
2.404000000000000000e+03
2.410000000000000000e+03
2.413000000000000000e+03
2.428000000000000000e+03
2.429000000000000000e+03
2.435000000000000000e+03
2.443000000000000000e+03
2.448000000000000000e+03
2.449000000000000000e+03
2.453000000000000000e+03
2.457000000000000000e+03
2.460000000000000000e+03
2.467000000000000000e+03
2.474000000000000000e+03
2.478000000000000000e+03
2.480000000000000000e+03
2.482000000000000000e+03
2.489000000000000000e+03
2.496000000000000000e+03
2.500000000000000000e+03
2.501000000000000000e+03
2.508000000000000000e+03
2.510000000000000000e+03
2.511000000000000000e+03
2.521000000000000000e+03
2.525000000000000000e+03
2.526000000000000000e+03
2.528000000000000000e+03
2.535000000000000000e+03
2.537000000000000000e+03
2.540000000000000000e+03
2.542000000000000000e+03
2.543000000000000000e+03
2.544000000000000000e+03
2.548000000000000000e+03
2.553000000000000000e+03
2.593000000000000000e+03
2.595000000000000000e+03
2.597000000000000000e+03
2.599000000000000000e+03
2.605000000000000000e+03
2.609000000000000000e+03
2.631000000000000000e+03
2.635000000000000000e+03
2.637000000000000000e+03
2.643000000000000000e+03
2.645000000000000000e+03
2.646000000000000000e+03
2.652000000000000000e+03
2.653000000000000000e+03
2.654000000000000000e+03
2.668000000000000000e+03
2.669000000000000000e+03
2.673000000000000000e+03
2.675000000000000000e+03
2.679000000000000000e+03
2.683000000000000000e+03
2.690000000000000000e+03
2.692000000000000000e+03
2.697000000000000000e+03
2.704000000000000000e+03
2.705000000000000000e+03
2.721000000000000000e+03
2.725000000000000000e+03
2.737000000000000000e+03
2.740000000000000000e+03
2.751000000000000000e+03
2.755000000000000000e+03
2.759000000000000000e+03
2.775000000000000000e+03
2.778000000000000000e+03
2.785000000000000000e+03
2.786000000000000000e+03
2.789000000000000000e+03
2.792000000000000000e+03
2.802000000000000000e+03
2.813000000000000000e+03
2.836000000000000000e+03
2.843000000000000000e+03
2.845000000000000000e+03
2.847000000000000000e+03
2.857000000000000000e+03
2.859000000000000000e+03
2.861000000000000000e+03
2.873000000000000000e+03
2.878000000000000000e+03
2.881000000000000000e+03
2.892000000000000000e+03
2.898000000000000000e+03
2.902000000000000000e+03
2.904000000000000000e+03
2.912000000000000000e+03
2.913000000000000000e+03
2.914000000000000000e+03
2.916000000000000000e+03
2.919000000000000000e+03
2.923000000000000000e+03
2.932000000000000000e+03
2.935000000000000000e+03
2.937000000000000000e+03
2.942000000000000000e+03
2.946000000000000000e+03
2.949000000000000000e+03
2.956000000000000000e+03
2.962000000000000000e+03
2.969000000000000000e+03
2.974000000000000000e+03
2.985000000000000000e+03
2.990000000000000000e+03
2.995000000000000000e+03
2.996000000000000000e+03
3.000000000000000000e+03
3.006000000000000000e+03
3.013000000000000000e+03
3.020000000000000000e+03
3.024000000000000000e+03
3.025000000000000000e+03
3.028000000000000000e+03
3.029000000000000000e+03
3.036000000000000000e+03
3.037000000000000000e+03
3.054000000000000000e+03
3.065000000000000000e+03
3.067000000000000000e+03
3.074000000000000000e+03
3.079000000000000000e+03
3.087000000000000000e+03
3.089000000000000000e+03
3.090000000000000000e+03
3.095000000000000000e+03
3.099000000000000000e+03
3.103000000000000000e+03
3.104000000000000000e+03
3.107000000000000000e+03
3.116000000000000000e+03
3.129000000000000000e+03
3.135000000000000000e+03
3.141000000000000000e+03
3.144000000000000000e+03
3.150000000000000000e+03
3.154000000000000000e+03
3.156000000000000000e+03
3.157000000000000000e+03
3.162000000000000000e+03
3.170000000000000000e+03
3.172000000000000000e+03
3.183000000000000000e+03
3.189000000000000000e+03
3.194000000000000000e+03
3.196000000000000000e+03
3.206000000000000000e+03
3.214000000000000000e+03
3.215000000000000000e+03
3.217000000000000000e+03
3.229000000000000000e+03
3.230000000000000000e+03
3.235000000000000000e+03
3.243000000000000000e+03
3.251000000000000000e+03
3.253000000000000000e+03
3.255000000000000000e+03
3.264000000000000000e+03
3.265000000000000000e+03
3.266000000000000000e+03
3.270000000000000000e+03
3.277000000000000000e+03
3.281000000000000000e+03
3.300000000000000000e+03
3.305000000000000000e+03
3.306000000000000000e+03
3.309000000000000000e+03
3.318000000000000000e+03
3.319000000000000000e+03
3.320000000000000000e+03
3.324000000000000000e+03
3.326000000000000000e+03
3.329000000000000000e+03
3.340000000000000000e+03
3.346000000000000000e+03
3.348000000000000000e+03
3.374000000000000000e+03
3.376000000000000000e+03
3.379000000000000000e+03
3.383000000000000000e+03
3.386000000000000000e+03
3.392000000000000000e+03
3.394000000000000000e+03
3.410000000000000000e+03
3.411000000000000000e+03
3.413000000000000000e+03
3.420000000000000000e+03
3.423000000000000000e+03
3.428000000000000000e+03
3.430000000000000000e+03
3.433000000000000000e+03
3.434000000000000000e+03
3.437000000000000000e+03
3.442000000000000000e+03
3.451000000000000000e+03
3.458000000000000000e+03
3.462000000000000000e+03
3.466000000000000000e+03
3.468000000000000000e+03
3.470000000000000000e+03
3.471000000000000000e+03
3.473000000000000000e+03
3.480000000000000000e+03
3.485000000000000000e+03
3.489000000000000000e+03
3.490000000000000000e+03
3.491000000000000000e+03
3.492000000000000000e+03
3.499000000000000000e+03
3.503000000000000000e+03
3.513000000000000000e+03
3.524000000000000000e+03
3.538000000000000000e+03
3.545000000000000000e+03
3.549000000000000000e+03
3.550000000000000000e+03
3.553000000000000000e+03
3.562000000000000000e+03
3.563000000000000000e+03
3.566000000000000000e+03
3.572000000000000000e+03
3.573000000000000000e+03
3.575000000000000000e+03
3.581000000000000000e+03
3.586000000000000000e+03
3.588000000000000000e+03
3.590000000000000000e+03
3.591000000000000000e+03
3.606000000000000000e+03
3.609000000000000000e+03
3.611000000000000000e+03
3.612000000000000000e+03
3.619000000000000000e+03
3.622000000000000000e+03
3.623000000000000000e+03
3.625000000000000000e+03
3.627000000000000000e+03
3.628000000000000000e+03
3.631000000000000000e+03
3.632000000000000000e+03
3.637000000000000000e+03
3.644000000000000000e+03
3.650000000000000000e+03
3.656000000000000000e+03
3.661000000000000000e+03
3.671000000000000000e+03
3.677000000000000000e+03
3.678000000000000000e+03
3.685000000000000000e+03
3.691000000000000000e+03
3.694000000000000000e+03
3.701000000000000000e+03
3.706000000000000000e+03
3.732000000000000000e+03
3.739000000000000000e+03
3.740000000000000000e+03
3.742000000000000000e+03
3.747000000000000000e+03
3.752000000000000000e+03
3.754000000000000000e+03
3.761000000000000000e+03
3.762000000000000000e+03
3.776000000000000000e+03
3.777000000000000000e+03
3.782000000000000000e+03
3.784000000000000000e+03
3.790000000000000000e+03
3.792000000000000000e+03
3.797000000000000000e+03
3.801000000000000000e+03
3.802000000000000000e+03
3.804000000000000000e+03
3.806000000000000000e+03
3.811000000000000000e+03
3.818000000000000000e+03
3.820000000000000000e+03
3.822000000000000000e+03
3.823000000000000000e+03
3.828000000000000000e+03
3.833000000000000000e+03
3.837000000000000000e+03
3.843000000000000000e+03
3.849000000000000000e+03
3.850000000000000000e+03
3.851000000000000000e+03
3.855000000000000000e+03
3.862000000000000000e+03
3.863000000000000000e+03
3.864000000000000000e+03
3.871000000000000000e+03
3.873000000000000000e+03
3.876000000000000000e+03
3.879000000000000000e+03
3.890000000000000000e+03
3.897000000000000000e+03
3.902000000000000000e+03
3.903000000000000000e+03
3.905000000000000000e+03
3.907000000000000000e+03
3.912000000000000000e+03
3.913000000000000000e+03
3.915000000000000000e+03
3.924000000000000000e+03
3.925000000000000000e+03
3.927000000000000000e+03
3.928000000000000000e+03
3.933000000000000000e+03
3.942000000000000000e+03
3.945000000000000000e+03
3.946000000000000000e+03
3.949000000000000000e+03
3.953000000000000000e+03
3.954000000000000000e+03
3.974000000000000000e+03
3.975000000000000000e+03
3.977000000000000000e+03
3.979000000000000000e+03
3.984000000000000000e+03
3.989000000000000000e+03
3.993000000000000000e+03
3.996000000000000000e+03
4.001000000000000000e+03
4.010000000000000000e+03
4.011000000000000000e+03
4.013000000000000000e+03
4.027000000000000000e+03
4.029000000000000000e+03
4.035000000000000000e+03
4.036000000000000000e+03
4.039000000000000000e+03
4.052000000000000000e+03
4.055000000000000000e+03
4.059000000000000000e+03
4.061000000000000000e+03
4.069000000000000000e+03
4.070000000000000000e+03
4.086000000000000000e+03
4.087000000000000000e+03
4.094000000000000000e+03
