0.000000000000000000e+00
1.000000000000000000e+00
5.000000000000000000e+00
6.000000000000000000e+00
1.800000000000000000e+01
2.100000000000000000e+01
2.600000000000000000e+01
2.700000000000000000e+01
4.000000000000000000e+01
4.700000000000000000e+01
6.200000000000000000e+01
6.700000000000000000e+01
6.800000000000000000e+01
6.900000000000000000e+01
7.000000000000000000e+01
7.200000000000000000e+01
7.500000000000000000e+01
8.100000000000000000e+01
8.900000000000000000e+01
9.000000000000000000e+01
9.300000000000000000e+01
9.400000000000000000e+01
9.600000000000000000e+01
9.700000000000000000e+01
1.000000000000000000e+02
1.040000000000000000e+02
1.160000000000000000e+02
1.170000000000000000e+02
1.230000000000000000e+02
1.250000000000000000e+02
1.290000000000000000e+02
1.450000000000000000e+02
1.460000000000000000e+02
1.470000000000000000e+02
1.490000000000000000e+02
1.620000000000000000e+02
1.700000000000000000e+02
1.720000000000000000e+02
1.730000000000000000e+02
1.780000000000000000e+02
1.860000000000000000e+02
1.870000000000000000e+02
1.880000000000000000e+02
1.970000000000000000e+02
2.100000000000000000e+02
2.130000000000000000e+02
2.160000000000000000e+02
2.190000000000000000e+02
2.210000000000000000e+02
2.220000000000000000e+02
2.240000000000000000e+02
2.310000000000000000e+02
2.400000000000000000e+02
2.420000000000000000e+02
2.430000000000000000e+02
2.510000000000000000e+02
2.520000000000000000e+02
2.600000000000000000e+02
2.630000000000000000e+02
2.650000000000000000e+02
2.760000000000000000e+02
2.800000000000000000e+02
2.840000000000000000e+02
2.850000000000000000e+02
2.870000000000000000e+02
2.900000000000000000e+02
2.930000000000000000e+02
2.990000000000000000e+02
3.000000000000000000e+02
3.030000000000000000e+02
3.040000000000000000e+02
3.100000000000000000e+02
3.110000000000000000e+02
3.160000000000000000e+02
3.180000000000000000e+02
3.210000000000000000e+02
3.230000000000000000e+02
3.270000000000000000e+02
3.280000000000000000e+02
3.290000000000000000e+02
3.310000000000000000e+02
3.320000000000000000e+02
3.390000000000000000e+02
3.510000000000000000e+02
3.550000000000000000e+02
3.620000000000000000e+02
3.640000000000000000e+02
3.750000000000000000e+02
3.780000000000000000e+02
3.810000000000000000e+02
3.830000000000000000e+02
3.850000000000000000e+02
3.900000000000000000e+02
3.930000000000000000e+02
3.980000000000000000e+02
4.000000000000000000e+02
4.030000000000000000e+02
4.060000000000000000e+02
4.160000000000000000e+02
4.290000000000000000e+02
4.400000000000000000e+02
4.500000000000000000e+02
4.550000000000000000e+02
4.610000000000000000e+02
4.730000000000000000e+02
4.740000000000000000e+02
4.770000000000000000e+02
4.780000000000000000e+02
4.920000000000000000e+02
4.980000000000000000e+02
5.020000000000000000e+02
5.090000000000000000e+02
5.100000000000000000e+02
5.150000000000000000e+02
5.200000000000000000e+02
5.220000000000000000e+02
5.240000000000000000e+02
5.250000000000000000e+02
5.320000000000000000e+02
5.460000000000000000e+02
5.520000000000000000e+02
5.540000000000000000e+02
5.570000000000000000e+02
5.600000000000000000e+02
5.640000000000000000e+02
5.680000000000000000e+02
5.690000000000000000e+02
5.720000000000000000e+02
5.730000000000000000e+02
5.830000000000000000e+02
5.850000000000000000e+02
5.920000000000000000e+02
5.970000000000000000e+02
5.990000000000000000e+02
6.050000000000000000e+02
6.070000000000000000e+02
6.080000000000000000e+02
6.140000000000000000e+02
6.240000000000000000e+02
6.260000000000000000e+02
6.270000000000000000e+02
6.280000000000000000e+02
6.490000000000000000e+02
6.570000000000000000e+02
6.590000000000000000e+02
6.600000000000000000e+02
6.810000000000000000e+02
6.880000000000000000e+02
6.920000000000000000e+02
7.020000000000000000e+02
7.050000000000000000e+02
7.070000000000000000e+02
7.080000000000000000e+02
7.130000000000000000e+02
7.180000000000000000e+02
7.260000000000000000e+02
7.290000000000000000e+02
7.340000000000000000e+02
7.460000000000000000e+02
7.500000000000000000e+02
7.550000000000000000e+02
7.560000000000000000e+02
7.610000000000000000e+02
7.620000000000000000e+02
7.650000000000000000e+02
7.740000000000000000e+02
7.750000000000000000e+02
7.780000000000000000e+02
7.790000000000000000e+02
7.970000000000000000e+02
7.980000000000000000e+02
8.030000000000000000e+02
8.050000000000000000e+02
8.060000000000000000e+02
8.110000000000000000e+02
8.120000000000000000e+02
8.160000000000000000e+02
8.180000000000000000e+02
8.190000000000000000e+02
8.250000000000000000e+02
8.290000000000000000e+02
8.300000000000000000e+02
8.400000000000000000e+02
8.420000000000000000e+02
8.470000000000000000e+02
8.530000000000000000e+02
8.610000000000000000e+02
8.630000000000000000e+02
8.640000000000000000e+02
8.810000000000000000e+02
8.980000000000000000e+02
9.110000000000000000e+02
9.130000000000000000e+02
9.210000000000000000e+02
9.320000000000000000e+02
9.330000000000000000e+02
9.390000000000000000e+02
9.440000000000000000e+02
9.450000000000000000e+02
9.580000000000000000e+02
9.610000000000000000e+02
9.620000000000000000e+02
9.690000000000000000e+02
9.770000000000000000e+02
9.810000000000000000e+02
9.860000000000000000e+02
9.930000000000000000e+02
1.000000000000000000e+03
1.025000000000000000e+03
1.027000000000000000e+03
1.030000000000000000e+03
1.037000000000000000e+03
1.042000000000000000e+03
1.043000000000000000e+03
1.052000000000000000e+03
1.056000000000000000e+03
1.060000000000000000e+03
1.068000000000000000e+03
1.079000000000000000e+03
1.082000000000000000e+03
1.083000000000000000e+03
1.087000000000000000e+03
1.089000000000000000e+03
1.092000000000000000e+03
1.095000000000000000e+03
1.099000000000000000e+03
1.101000000000000000e+03
1.103000000000000000e+03
1.107000000000000000e+03
1.110000000000000000e+03
1.117000000000000000e+03
1.119000000000000000e+03
1.121000000000000000e+03
1.127000000000000000e+03
1.143000000000000000e+03
1.146000000000000000e+03
1.151000000000000000e+03
1.154000000000000000e+03
1.157000000000000000e+03
1.162000000000000000e+03
1.165000000000000000e+03
1.167000000000000000e+03
1.168000000000000000e+03
1.171000000000000000e+03
1.172000000000000000e+03
1.182000000000000000e+03
1.184000000000000000e+03
1.195000000000000000e+03
1.201000000000000000e+03
1.217000000000000000e+03
1.219000000000000000e+03
1.226000000000000000e+03
1.227000000000000000e+03
1.235000000000000000e+03
1.246000000000000000e+03
1.247000000000000000e+03
1.251000000000000000e+03
1.254000000000000000e+03
1.261000000000000000e+03
1.268000000000000000e+03
1.271000000000000000e+03
1.274000000000000000e+03
1.299000000000000000e+03
1.300000000000000000e+03
1.302000000000000000e+03
1.307000000000000000e+03
1.309000000000000000e+03
1.312000000000000000e+03
1.318000000000000000e+03
1.321000000000000000e+03
1.332000000000000000e+03
1.336000000000000000e+03
1.337000000000000000e+03
1.338000000000000000e+03
1.372000000000000000e+03
1.391000000000000000e+03
1.403000000000000000e+03
1.408000000000000000e+03
1.414000000000000000e+03
1.417000000000000000e+03
1.420000000000000000e+03
1.428000000000000000e+03
1.433000000000000000e+03
1.439000000000000000e+03
1.445000000000000000e+03
1.447000000000000000e+03
1.449000000000000000e+03
1.451000000000000000e+03
1.453000000000000000e+03
1.463000000000000000e+03
1.464000000000000000e+03
1.468000000000000000e+03
1.472000000000000000e+03
1.475000000000000000e+03
1.477000000000000000e+03
1.478000000000000000e+03
1.480000000000000000e+03
1.483000000000000000e+03
1.484000000000000000e+03
1.487000000000000000e+03
1.488000000000000000e+03
1.490000000000000000e+03
1.497000000000000000e+03
1.502000000000000000e+03
1.513000000000000000e+03
1.515000000000000000e+03
1.517000000000000000e+03
1.525000000000000000e+03
1.529000000000000000e+03
1.538000000000000000e+03
1.540000000000000000e+03
1.543000000000000000e+03
1.547000000000000000e+03
1.556000000000000000e+03
1.560000000000000000e+03
1.568000000000000000e+03
1.570000000000000000e+03
1.576000000000000000e+03
1.591000000000000000e+03
1.600000000000000000e+03
1.613000000000000000e+03
1.614000000000000000e+03
1.615000000000000000e+03
1.622000000000000000e+03
1.631000000000000000e+03
1.633000000000000000e+03
1.634000000000000000e+03
1.636000000000000000e+03
1.638000000000000000e+03
1.640000000000000000e+03
1.641000000000000000e+03
1.643000000000000000e+03
1.644000000000000000e+03
1.651000000000000000e+03
1.656000000000000000e+03
1.657000000000000000e+03
1.660000000000000000e+03
1.663000000000000000e+03
1.665000000000000000e+03
1.666000000000000000e+03
1.669000000000000000e+03
1.674000000000000000e+03
1.676000000000000000e+03
1.677000000000000000e+03
1.691000000000000000e+03
1.713000000000000000e+03
1.724000000000000000e+03
1.727000000000000000e+03
1.741000000000000000e+03
1.745000000000000000e+03
1.747000000000000000e+03
1.753000000000000000e+03
1.756000000000000000e+03
1.758000000000000000e+03
1.760000000000000000e+03
1.761000000000000000e+03
1.766000000000000000e+03
1.777000000000000000e+03
1.782000000000000000e+03
1.784000000000000000e+03
1.797000000000000000e+03
1.802000000000000000e+03
1.805000000000000000e+03
1.818000000000000000e+03
1.819000000000000000e+03
1.822000000000000000e+03
1.825000000000000000e+03
1.830000000000000000e+03
1.832000000000000000e+03
1.835000000000000000e+03
1.837000000000000000e+03
1.843000000000000000e+03
1.847000000000000000e+03
1.852000000000000000e+03
1.858000000000000000e+03
1.861000000000000000e+03
1.863000000000000000e+03
1.872000000000000000e+03
1.890000000000000000e+03
1.905000000000000000e+03
1.910000000000000000e+03
1.919000000000000000e+03
1.927000000000000000e+03
1.928000000000000000e+03
1.930000000000000000e+03
1.934000000000000000e+03
1.937000000000000000e+03
1.938000000000000000e+03
1.947000000000000000e+03
1.949000000000000000e+03
1.950000000000000000e+03
1.955000000000000000e+03
1.956000000000000000e+03
1.959000000000000000e+03
1.964000000000000000e+03
1.968000000000000000e+03
1.970000000000000000e+03
1.976000000000000000e+03
1.978000000000000000e+03
1.979000000000000000e+03
1.981000000000000000e+03
1.983000000000000000e+03
1.986000000000000000e+03
1.988000000000000000e+03
2.008000000000000000e+03
2.012000000000000000e+03
2.015000000000000000e+03
2.018000000000000000e+03
2.024000000000000000e+03
2.041000000000000000e+03
2.050000000000000000e+03
2.051000000000000000e+03
2.067000000000000000e+03
2.094000000000000000e+03
2.096000000000000000e+03
2.102000000000000000e+03
2.117000000000000000e+03
2.120000000000000000e+03
2.123000000000000000e+03
2.125000000000000000e+03
2.128000000000000000e+03
2.133000000000000000e+03
2.134000000000000000e+03
2.136000000000000000e+03
2.139000000000000000e+03
2.151000000000000000e+03
2.155000000000000000e+03
2.158000000000000000e+03
2.161000000000000000e+03
2.175000000000000000e+03
2.176000000000000000e+03
2.183000000000000000e+03
2.189000000000000000e+03
2.190000000000000000e+03
2.192000000000000000e+03
2.199000000000000000e+03
2.203000000000000000e+03
2.208000000000000000e+03
2.220000000000000000e+03
2.230000000000000000e+03
2.231000000000000000e+03
2.240000000000000000e+03
2.241000000000000000e+03
2.245000000000000000e+03
2.250000000000000000e+03
2.251000000000000000e+03
2.252000000000000000e+03
2.255000000000000000e+03
2.264000000000000000e+03
2.269000000000000000e+03
2.275000000000000000e+03
2.289000000000000000e+03
2.291000000000000000e+03
2.297000000000000000e+03
2.301000000000000000e+03
2.302000000000000000e+03
2.318000000000000000e+03
2.336000000000000000e+03
2.337000000000000000e+03
2.348000000000000000e+03
2.349000000000000000e+03
2.350000000000000000e+03
2.354000000000000000e+03
2.355000000000000000e+03
2.366000000000000000e+03
2.369000000000000000e+03
2.374000000000000000e+03
2.377000000000000000e+03
2.379000000000000000e+03
2.386000000000000000e+03
2.388000000000000000e+03
2.398000000000000000e+03
2.400000000000000000e+03
2.421000000000000000e+03
2.422000000000000000e+03
2.424000000000000000e+03
2.434000000000000000e+03
2.438000000000000000e+03
2.441000000000000000e+03
2.454000000000000000e+03
2.457000000000000000e+03
2.458000000000000000e+03
2.459000000000000000e+03
2.460000000000000000e+03
2.461000000000000000e+03
2.471000000000000000e+03
2.476000000000000000e+03
2.478000000000000000e+03
2.480000000000000000e+03
2.492000000000000000e+03
2.493000000000000000e+03
2.494000000000000000e+03
2.505000000000000000e+03
2.508000000000000000e+03
2.509000000000000000e+03
2.510000000000000000e+03
2.512000000000000000e+03
2.515000000000000000e+03
2.518000000000000000e+03
2.536000000000000000e+03
2.542000000000000000e+03
2.544000000000000000e+03
2.545000000000000000e+03
2.548000000000000000e+03
2.562000000000000000e+03
2.569000000000000000e+03
2.583000000000000000e+03
2.588000000000000000e+03
2.590000000000000000e+03
2.592000000000000000e+03
2.594000000000000000e+03
2.602000000000000000e+03
2.604000000000000000e+03
2.605000000000000000e+03
2.614000000000000000e+03
2.615000000000000000e+03
2.626000000000000000e+03
2.627000000000000000e+03
2.632000000000000000e+03
2.641000000000000000e+03
2.642000000000000000e+03
2.645000000000000000e+03
2.648000000000000000e+03
2.672000000000000000e+03
2.678000000000000000e+03
2.679000000000000000e+03
2.683000000000000000e+03
2.684000000000000000e+03
2.690000000000000000e+03
2.697000000000000000e+03
2.701000000000000000e+03
2.704000000000000000e+03
2.729000000000000000e+03
2.731000000000000000e+03
2.734000000000000000e+03
2.747000000000000000e+03
2.749000000000000000e+03
2.751000000000000000e+03
2.765000000000000000e+03
2.769000000000000000e+03
2.774000000000000000e+03
2.776000000000000000e+03
2.777000000000000000e+03
2.780000000000000000e+03
2.787000000000000000e+03
2.788000000000000000e+03
2.790000000000000000e+03
2.794000000000000000e+03
2.800000000000000000e+03
2.813000000000000000e+03
2.815000000000000000e+03
2.817000000000000000e+03
2.822000000000000000e+03
2.830000000000000000e+03
2.831000000000000000e+03
2.832000000000000000e+03
2.833000000000000000e+03
2.836000000000000000e+03
2.837000000000000000e+03
2.838000000000000000e+03
2.854000000000000000e+03
2.862000000000000000e+03
2.870000000000000000e+03
2.873000000000000000e+03
2.874000000000000000e+03
2.878000000000000000e+03
2.880000000000000000e+03
2.881000000000000000e+03
2.883000000000000000e+03
2.884000000000000000e+03
2.889000000000000000e+03
2.903000000000000000e+03
2.904000000000000000e+03
2.913000000000000000e+03
2.918000000000000000e+03
2.919000000000000000e+03
2.930000000000000000e+03
2.934000000000000000e+03
2.938000000000000000e+03
2.939000000000000000e+03
2.949000000000000000e+03
2.950000000000000000e+03
2.960000000000000000e+03
2.969000000000000000e+03
2.979000000000000000e+03
2.983000000000000000e+03
2.989000000000000000e+03
2.990000000000000000e+03
2.992000000000000000e+03
3.000000000000000000e+03
3.003000000000000000e+03
3.007000000000000000e+03
3.009000000000000000e+03
3.016000000000000000e+03
3.025000000000000000e+03
3.027000000000000000e+03
3.029000000000000000e+03
3.033000000000000000e+03
3.035000000000000000e+03
3.041000000000000000e+03
3.048000000000000000e+03
3.049000000000000000e+03
3.050000000000000000e+03
3.053000000000000000e+03
3.055000000000000000e+03
3.071000000000000000e+03
3.077000000000000000e+03
3.091000000000000000e+03
3.097000000000000000e+03
3.099000000000000000e+03
3.100000000000000000e+03
3.111000000000000000e+03
3.121000000000000000e+03
3.137000000000000000e+03
3.141000000000000000e+03
3.143000000000000000e+03
3.150000000000000000e+03
3.153000000000000000e+03
3.164000000000000000e+03
3.171000000000000000e+03
3.182000000000000000e+03
3.185000000000000000e+03
3.188000000000000000e+03
3.191000000000000000e+03
3.193000000000000000e+03
3.197000000000000000e+03
3.202000000000000000e+03
3.220000000000000000e+03
3.222000000000000000e+03
3.223000000000000000e+03
3.225000000000000000e+03
3.226000000000000000e+03
3.243000000000000000e+03
3.249000000000000000e+03
3.254000000000000000e+03
3.255000000000000000e+03
3.261000000000000000e+03
3.271000000000000000e+03
3.280000000000000000e+03
3.298000000000000000e+03
3.301000000000000000e+03
3.320000000000000000e+03
3.327000000000000000e+03
3.329000000000000000e+03
3.332000000000000000e+03
3.335000000000000000e+03
3.343000000000000000e+03
3.345000000000000000e+03
3.346000000000000000e+03
3.351000000000000000e+03
3.352000000000000000e+03
3.369000000000000000e+03
3.370000000000000000e+03
3.371000000000000000e+03
3.372000000000000000e+03
3.378000000000000000e+03
3.381000000000000000e+03
3.382000000000000000e+03
3.388000000000000000e+03
3.393000000000000000e+03
3.397000000000000000e+03
3.398000000000000000e+03
3.404000000000000000e+03
3.416000000000000000e+03
3.419000000000000000e+03
3.421000000000000000e+03
3.424000000000000000e+03
3.431000000000000000e+03
3.434000000000000000e+03
3.437000000000000000e+03
3.441000000000000000e+03
3.457000000000000000e+03
3.460000000000000000e+03
3.463000000000000000e+03
3.464000000000000000e+03
3.469000000000000000e+03
3.479000000000000000e+03
3.480000000000000000e+03
3.482000000000000000e+03
3.484000000000000000e+03
3.489000000000000000e+03
3.494000000000000000e+03
3.498000000000000000e+03
3.502000000000000000e+03
3.503000000000000000e+03
3.508000000000000000e+03
3.510000000000000000e+03
3.511000000000000000e+03
3.519000000000000000e+03
3.526000000000000000e+03
3.528000000000000000e+03
3.532000000000000000e+03
3.536000000000000000e+03
3.541000000000000000e+03
3.546000000000000000e+03
3.555000000000000000e+03
3.556000000000000000e+03
3.561000000000000000e+03
3.568000000000000000e+03
3.571000000000000000e+03
3.581000000000000000e+03
3.588000000000000000e+03
3.597000000000000000e+03
3.606000000000000000e+03
3.609000000000000000e+03
3.611000000000000000e+03
3.612000000000000000e+03
3.613000000000000000e+03
3.617000000000000000e+03
3.621000000000000000e+03
3.632000000000000000e+03
3.635000000000000000e+03
3.641000000000000000e+03
3.642000000000000000e+03
3.643000000000000000e+03
3.644000000000000000e+03
3.645000000000000000e+03
3.654000000000000000e+03
3.658000000000000000e+03
3.670000000000000000e+03
3.673000000000000000e+03
3.674000000000000000e+03
3.676000000000000000e+03
3.677000000000000000e+03
3.678000000000000000e+03
3.680000000000000000e+03
3.681000000000000000e+03
3.684000000000000000e+03
3.694000000000000000e+03
3.698000000000000000e+03
3.703000000000000000e+03
3.708000000000000000e+03
3.710000000000000000e+03
3.717000000000000000e+03
3.725000000000000000e+03
3.731000000000000000e+03
3.733000000000000000e+03
3.734000000000000000e+03
3.735000000000000000e+03
3.737000000000000000e+03
3.745000000000000000e+03
3.746000000000000000e+03
3.763000000000000000e+03
3.765000000000000000e+03
3.766000000000000000e+03
3.767000000000000000e+03
3.777000000000000000e+03
3.781000000000000000e+03
3.784000000000000000e+03
3.785000000000000000e+03
3.787000000000000000e+03
3.799000000000000000e+03
3.801000000000000000e+03
3.811000000000000000e+03
3.814000000000000000e+03
3.818000000000000000e+03
3.820000000000000000e+03
3.824000000000000000e+03
3.827000000000000000e+03
3.830000000000000000e+03
3.834000000000000000e+03
3.851000000000000000e+03
3.852000000000000000e+03
3.853000000000000000e+03
3.861000000000000000e+03
3.868000000000000000e+03
3.869000000000000000e+03
3.870000000000000000e+03
3.877000000000000000e+03
3.880000000000000000e+03
3.882000000000000000e+03
3.884000000000000000e+03
3.885000000000000000e+03
3.887000000000000000e+03
3.894000000000000000e+03
3.901000000000000000e+03
3.902000000000000000e+03
3.916000000000000000e+03
3.926000000000000000e+03
3.931000000000000000e+03
3.932000000000000000e+03
3.937000000000000000e+03
3.938000000000000000e+03
3.939000000000000000e+03
3.940000000000000000e+03
3.943000000000000000e+03
3.945000000000000000e+03
3.946000000000000000e+03
3.947000000000000000e+03
3.954000000000000000e+03
3.961000000000000000e+03
3.962000000000000000e+03
3.963000000000000000e+03
3.966000000000000000e+03
3.968000000000000000e+03
3.969000000000000000e+03
3.983000000000000000e+03
3.991000000000000000e+03
3.995000000000000000e+03
3.996000000000000000e+03
4.003000000000000000e+03
4.008000000000000000e+03
4.016000000000000000e+03
4.025000000000000000e+03
4.031000000000000000e+03
4.034000000000000000e+03
4.045000000000000000e+03
4.046000000000000000e+03
4.051000000000000000e+03
4.054000000000000000e+03
4.056000000000000000e+03
4.058000000000000000e+03
4.074000000000000000e+03
4.078000000000000000e+03
4.082000000000000000e+03
4.083000000000000000e+03
4.086000000000000000e+03
4.087000000000000000e+03
4.091000000000000000e+03
