5.000000000000000000e+00
8.000000000000000000e+00
1.100000000000000000e+01
1.600000000000000000e+01
2.300000000000000000e+01
2.700000000000000000e+01
2.900000000000000000e+01
3.500000000000000000e+01
4.300000000000000000e+01
6.400000000000000000e+01
6.500000000000000000e+01
7.900000000000000000e+01
8.200000000000000000e+01
8.300000000000000000e+01
8.600000000000000000e+01
9.500000000000000000e+01
9.900000000000000000e+01
1.090000000000000000e+02
1.170000000000000000e+02
1.200000000000000000e+02
1.310000000000000000e+02
1.620000000000000000e+02
1.650000000000000000e+02
1.670000000000000000e+02
1.710000000000000000e+02
1.720000000000000000e+02
1.750000000000000000e+02
1.790000000000000000e+02
1.850000000000000000e+02
2.070000000000000000e+02
2.270000000000000000e+02
2.400000000000000000e+02
2.460000000000000000e+02
2.530000000000000000e+02
2.580000000000000000e+02
2.600000000000000000e+02
2.620000000000000000e+02
2.740000000000000000e+02
2.790000000000000000e+02
2.840000000000000000e+02
2.850000000000000000e+02
2.930000000000000000e+02
3.040000000000000000e+02
3.080000000000000000e+02
3.220000000000000000e+02
3.230000000000000000e+02
3.270000000000000000e+02
3.290000000000000000e+02
3.320000000000000000e+02
3.330000000000000000e+02
3.420000000000000000e+02
3.430000000000000000e+02
3.470000000000000000e+02
3.500000000000000000e+02
3.540000000000000000e+02
3.560000000000000000e+02
3.580000000000000000e+02
3.620000000000000000e+02
3.740000000000000000e+02
3.940000000000000000e+02
4.080000000000000000e+02
4.180000000000000000e+02
4.270000000000000000e+02
4.300000000000000000e+02
4.480000000000000000e+02
4.590000000000000000e+02
4.620000000000000000e+02
4.690000000000000000e+02
4.870000000000000000e+02
4.880000000000000000e+02
4.910000000000000000e+02
5.050000000000000000e+02
5.070000000000000000e+02
5.140000000000000000e+02
5.180000000000000000e+02
5.210000000000000000e+02
5.260000000000000000e+02
5.270000000000000000e+02
5.280000000000000000e+02
5.390000000000000000e+02
5.400000000000000000e+02
5.490000000000000000e+02
5.540000000000000000e+02
5.550000000000000000e+02
5.570000000000000000e+02
5.610000000000000000e+02
5.700000000000000000e+02
5.730000000000000000e+02
5.770000000000000000e+02
5.790000000000000000e+02
5.860000000000000000e+02
5.890000000000000000e+02
5.950000000000000000e+02
5.970000000000000000e+02
6.060000000000000000e+02
6.100000000000000000e+02
6.170000000000000000e+02
6.290000000000000000e+02
6.340000000000000000e+02
6.370000000000000000e+02
6.380000000000000000e+02
6.430000000000000000e+02
6.510000000000000000e+02
6.520000000000000000e+02
6.720000000000000000e+02
6.740000000000000000e+02
6.760000000000000000e+02
6.840000000000000000e+02
6.920000000000000000e+02
6.970000000000000000e+02
7.000000000000000000e+02
7.020000000000000000e+02
7.150000000000000000e+02
7.180000000000000000e+02
7.200000000000000000e+02
7.310000000000000000e+02
7.350000000000000000e+02
7.390000000000000000e+02
7.400000000000000000e+02
7.420000000000000000e+02
7.570000000000000000e+02
7.600000000000000000e+02
7.610000000000000000e+02
7.630000000000000000e+02
7.660000000000000000e+02
7.710000000000000000e+02
7.720000000000000000e+02
7.760000000000000000e+02
7.820000000000000000e+02
7.850000000000000000e+02
7.870000000000000000e+02
7.960000000000000000e+02
7.990000000000000000e+02
8.030000000000000000e+02
8.040000000000000000e+02
8.070000000000000000e+02
8.090000000000000000e+02
8.120000000000000000e+02
8.200000000000000000e+02
8.270000000000000000e+02
8.280000000000000000e+02
8.290000000000000000e+02
8.320000000000000000e+02
8.350000000000000000e+02
8.450000000000000000e+02
8.540000000000000000e+02
8.620000000000000000e+02
8.630000000000000000e+02
8.680000000000000000e+02
8.740000000000000000e+02
8.850000000000000000e+02
8.910000000000000000e+02
8.930000000000000000e+02
8.950000000000000000e+02
8.980000000000000000e+02
8.990000000000000000e+02
9.010000000000000000e+02
9.040000000000000000e+02
9.100000000000000000e+02
9.140000000000000000e+02
9.210000000000000000e+02
9.260000000000000000e+02
9.270000000000000000e+02
9.410000000000000000e+02
9.420000000000000000e+02
9.440000000000000000e+02
9.460000000000000000e+02
9.500000000000000000e+02
9.510000000000000000e+02
9.540000000000000000e+02
9.590000000000000000e+02
9.600000000000000000e+02
9.750000000000000000e+02
9.760000000000000000e+02
9.960000000000000000e+02
9.970000000000000000e+02
1.020000000000000000e+03
1.027000000000000000e+03
1.037000000000000000e+03
1.060000000000000000e+03
1.061000000000000000e+03
1.063000000000000000e+03
1.067000000000000000e+03
1.070000000000000000e+03
1.074000000000000000e+03
1.078000000000000000e+03
1.084000000000000000e+03
1.088000000000000000e+03
1.092000000000000000e+03
1.105000000000000000e+03
1.110000000000000000e+03
1.111000000000000000e+03
1.115000000000000000e+03
1.116000000000000000e+03
1.117000000000000000e+03
1.118000000000000000e+03
1.119000000000000000e+03
1.123000000000000000e+03
1.136000000000000000e+03
1.138000000000000000e+03
1.140000000000000000e+03
1.141000000000000000e+03
1.142000000000000000e+03
1.159000000000000000e+03
1.176000000000000000e+03
1.177000000000000000e+03
1.181000000000000000e+03
1.184000000000000000e+03
1.188000000000000000e+03
1.193000000000000000e+03
1.199000000000000000e+03
1.202000000000000000e+03
1.207000000000000000e+03
1.226000000000000000e+03
1.228000000000000000e+03
1.237000000000000000e+03
1.240000000000000000e+03
1.244000000000000000e+03
1.256000000000000000e+03
1.262000000000000000e+03
1.265000000000000000e+03
1.283000000000000000e+03
1.292000000000000000e+03
1.294000000000000000e+03
1.305000000000000000e+03
1.315000000000000000e+03
1.318000000000000000e+03
1.323000000000000000e+03
1.327000000000000000e+03
1.338000000000000000e+03
1.339000000000000000e+03
1.340000000000000000e+03
1.343000000000000000e+03
1.349000000000000000e+03
1.358000000000000000e+03
1.361000000000000000e+03
1.364000000000000000e+03
1.372000000000000000e+03
1.377000000000000000e+03
1.392000000000000000e+03
1.394000000000000000e+03
1.395000000000000000e+03
1.398000000000000000e+03
1.404000000000000000e+03
1.405000000000000000e+03
1.406000000000000000e+03
1.407000000000000000e+03
1.414000000000000000e+03
1.426000000000000000e+03
1.430000000000000000e+03
1.431000000000000000e+03
1.444000000000000000e+03
1.453000000000000000e+03
1.454000000000000000e+03
1.455000000000000000e+03
1.457000000000000000e+03
1.471000000000000000e+03
1.476000000000000000e+03
1.484000000000000000e+03
1.493000000000000000e+03
1.495000000000000000e+03
1.502000000000000000e+03
1.508000000000000000e+03
1.514000000000000000e+03
1.524000000000000000e+03
1.529000000000000000e+03
1.532000000000000000e+03
1.542000000000000000e+03
1.548000000000000000e+03
1.550000000000000000e+03
1.555000000000000000e+03
1.556000000000000000e+03
1.567000000000000000e+03
1.575000000000000000e+03
1.577000000000000000e+03
1.580000000000000000e+03
1.590000000000000000e+03
1.592000000000000000e+03
1.601000000000000000e+03
1.612000000000000000e+03
1.617000000000000000e+03
1.621000000000000000e+03
1.622000000000000000e+03
1.624000000000000000e+03
1.625000000000000000e+03
1.629000000000000000e+03
1.633000000000000000e+03
1.644000000000000000e+03
1.656000000000000000e+03
1.657000000000000000e+03
1.662000000000000000e+03
1.663000000000000000e+03
1.668000000000000000e+03
1.673000000000000000e+03
1.674000000000000000e+03
1.675000000000000000e+03
1.676000000000000000e+03
1.685000000000000000e+03
1.689000000000000000e+03
1.693000000000000000e+03
1.699000000000000000e+03
1.701000000000000000e+03
1.709000000000000000e+03
1.713000000000000000e+03
1.720000000000000000e+03
1.727000000000000000e+03
1.736000000000000000e+03
1.742000000000000000e+03
1.743000000000000000e+03
1.754000000000000000e+03
1.755000000000000000e+03
1.761000000000000000e+03
1.762000000000000000e+03
1.764000000000000000e+03
1.767000000000000000e+03
1.783000000000000000e+03
1.789000000000000000e+03
1.790000000000000000e+03
1.792000000000000000e+03
1.800000000000000000e+03
1.808000000000000000e+03
1.812000000000000000e+03
1.825000000000000000e+03
1.833000000000000000e+03
1.838000000000000000e+03
1.840000000000000000e+03
1.848000000000000000e+03
1.852000000000000000e+03
1.861000000000000000e+03
1.879000000000000000e+03
1.880000000000000000e+03
1.883000000000000000e+03
1.886000000000000000e+03
1.887000000000000000e+03
1.894000000000000000e+03
1.895000000000000000e+03
1.907000000000000000e+03
1.909000000000000000e+03
1.911000000000000000e+03
1.917000000000000000e+03
1.925000000000000000e+03
1.926000000000000000e+03
1.927000000000000000e+03
1.938000000000000000e+03
1.940000000000000000e+03
1.941000000000000000e+03
1.943000000000000000e+03
1.948000000000000000e+03
1.954000000000000000e+03
1.955000000000000000e+03
1.958000000000000000e+03
1.961000000000000000e+03
1.965000000000000000e+03
1.968000000000000000e+03
1.969000000000000000e+03
1.970000000000000000e+03
1.971000000000000000e+03
1.978000000000000000e+03
1.989000000000000000e+03
1.993000000000000000e+03
2.005000000000000000e+03
2.007000000000000000e+03
2.014000000000000000e+03
2.017000000000000000e+03
2.020000000000000000e+03
2.023000000000000000e+03
2.027000000000000000e+03
2.029000000000000000e+03
2.033000000000000000e+03
2.043000000000000000e+03
2.051000000000000000e+03
2.055000000000000000e+03
2.056000000000000000e+03
2.061000000000000000e+03
2.065000000000000000e+03
2.068000000000000000e+03
2.069000000000000000e+03
2.074000000000000000e+03
2.075000000000000000e+03
2.076000000000000000e+03
2.078000000000000000e+03
2.084000000000000000e+03
2.085000000000000000e+03
2.087000000000000000e+03
2.088000000000000000e+03
2.089000000000000000e+03
2.090000000000000000e+03
2.092000000000000000e+03
2.093000000000000000e+03
2.095000000000000000e+03
2.096000000000000000e+03
2.105000000000000000e+03
2.106000000000000000e+03
2.114000000000000000e+03
2.115000000000000000e+03
2.128000000000000000e+03
2.129000000000000000e+03
2.132000000000000000e+03
2.133000000000000000e+03
2.134000000000000000e+03
2.135000000000000000e+03
2.136000000000000000e+03
2.137000000000000000e+03
2.138000000000000000e+03
2.140000000000000000e+03
2.143000000000000000e+03
2.149000000000000000e+03
2.150000000000000000e+03
2.151000000000000000e+03
2.154000000000000000e+03
2.155000000000000000e+03
2.163000000000000000e+03
2.166000000000000000e+03
2.167000000000000000e+03
2.171000000000000000e+03
2.173000000000000000e+03
2.175000000000000000e+03
2.177000000000000000e+03
2.179000000000000000e+03
2.181000000000000000e+03
2.183000000000000000e+03
2.185000000000000000e+03
2.190000000000000000e+03
2.194000000000000000e+03
2.196000000000000000e+03
2.200000000000000000e+03
2.201000000000000000e+03
2.206000000000000000e+03
2.210000000000000000e+03
2.213000000000000000e+03
2.215000000000000000e+03
2.221000000000000000e+03
2.225000000000000000e+03
2.227000000000000000e+03
2.229000000000000000e+03
2.230000000000000000e+03
2.231000000000000000e+03
2.236000000000000000e+03
2.239000000000000000e+03
2.240000000000000000e+03
2.245000000000000000e+03
2.247000000000000000e+03
2.248000000000000000e+03
2.254000000000000000e+03
2.256000000000000000e+03
2.263000000000000000e+03
2.264000000000000000e+03
2.265000000000000000e+03
2.266000000000000000e+03
2.269000000000000000e+03
2.270000000000000000e+03
2.271000000000000000e+03
2.273000000000000000e+03
2.274000000000000000e+03
2.281000000000000000e+03
2.283000000000000000e+03
2.284000000000000000e+03
2.287000000000000000e+03
2.288000000000000000e+03
2.289000000000000000e+03
2.295000000000000000e+03
2.300000000000000000e+03
2.301000000000000000e+03
2.302000000000000000e+03
2.306000000000000000e+03
2.307000000000000000e+03
2.308000000000000000e+03
2.312000000000000000e+03
2.315000000000000000e+03
2.318000000000000000e+03
2.320000000000000000e+03
2.321000000000000000e+03
2.322000000000000000e+03
2.326000000000000000e+03
2.327000000000000000e+03
2.328000000000000000e+03
2.331000000000000000e+03
2.332000000000000000e+03
2.333000000000000000e+03
2.335000000000000000e+03
2.343000000000000000e+03
2.348000000000000000e+03
2.351000000000000000e+03
2.352000000000000000e+03
2.354000000000000000e+03
2.356000000000000000e+03
2.358000000000000000e+03
2.359000000000000000e+03
2.361000000000000000e+03
2.365000000000000000e+03
2.366000000000000000e+03
2.369000000000000000e+03
2.371000000000000000e+03
2.377000000000000000e+03
2.379000000000000000e+03
2.380000000000000000e+03
2.385000000000000000e+03
2.387000000000000000e+03
2.388000000000000000e+03
2.391000000000000000e+03
2.393000000000000000e+03
2.394000000000000000e+03
2.396000000000000000e+03
2.397000000000000000e+03
2.398000000000000000e+03
2.399000000000000000e+03
2.401000000000000000e+03
2.402000000000000000e+03
2.403000000000000000e+03
2.404000000000000000e+03
2.407000000000000000e+03
2.411000000000000000e+03
2.419000000000000000e+03
2.423000000000000000e+03
2.430000000000000000e+03
2.431000000000000000e+03
2.435000000000000000e+03
2.441000000000000000e+03
2.442000000000000000e+03
2.443000000000000000e+03
2.444000000000000000e+03
2.450000000000000000e+03
2.453000000000000000e+03
2.454000000000000000e+03
2.458000000000000000e+03
2.460000000000000000e+03
2.461000000000000000e+03
2.463000000000000000e+03
2.467000000000000000e+03
2.468000000000000000e+03
2.473000000000000000e+03
2.478000000000000000e+03
2.480000000000000000e+03
2.483000000000000000e+03
2.486000000000000000e+03
2.487000000000000000e+03
2.490000000000000000e+03
2.491000000000000000e+03
2.493000000000000000e+03
2.496000000000000000e+03
2.498000000000000000e+03
2.500000000000000000e+03
2.503000000000000000e+03
2.504000000000000000e+03
2.505000000000000000e+03
2.507000000000000000e+03
2.508000000000000000e+03
2.509000000000000000e+03
2.513000000000000000e+03
2.518000000000000000e+03
2.520000000000000000e+03
2.521000000000000000e+03
2.522000000000000000e+03
2.523000000000000000e+03
2.524000000000000000e+03
2.527000000000000000e+03
2.534000000000000000e+03
2.536000000000000000e+03
2.538000000000000000e+03
2.545000000000000000e+03
2.550000000000000000e+03
2.556000000000000000e+03
2.557000000000000000e+03
2.558000000000000000e+03
2.562000000000000000e+03
2.563000000000000000e+03
2.564000000000000000e+03
2.566000000000000000e+03
2.569000000000000000e+03
2.570000000000000000e+03
2.573000000000000000e+03
2.575000000000000000e+03
2.579000000000000000e+03
2.580000000000000000e+03
2.583000000000000000e+03
2.584000000000000000e+03
2.585000000000000000e+03
2.586000000000000000e+03
2.587000000000000000e+03
2.588000000000000000e+03
2.589000000000000000e+03
2.590000000000000000e+03
2.595000000000000000e+03
2.596000000000000000e+03
2.601000000000000000e+03
2.603000000000000000e+03
2.609000000000000000e+03
2.610000000000000000e+03
2.618000000000000000e+03
2.620000000000000000e+03
2.621000000000000000e+03
2.624000000000000000e+03
2.625000000000000000e+03
2.626000000000000000e+03
2.627000000000000000e+03
2.629000000000000000e+03
2.634000000000000000e+03
2.637000000000000000e+03
2.640000000000000000e+03
2.642000000000000000e+03
2.643000000000000000e+03
2.647000000000000000e+03
2.649000000000000000e+03
2.650000000000000000e+03
2.653000000000000000e+03
2.655000000000000000e+03
2.657000000000000000e+03
2.660000000000000000e+03
2.666000000000000000e+03
2.668000000000000000e+03
2.670000000000000000e+03
2.671000000000000000e+03
2.673000000000000000e+03
2.675000000000000000e+03
2.676000000000000000e+03
2.677000000000000000e+03
2.682000000000000000e+03
2.683000000000000000e+03
2.687000000000000000e+03
2.688000000000000000e+03
2.691000000000000000e+03
2.692000000000000000e+03
2.693000000000000000e+03
2.695000000000000000e+03
2.697000000000000000e+03
2.698000000000000000e+03
2.702000000000000000e+03
2.704000000000000000e+03
2.705000000000000000e+03
2.708000000000000000e+03
2.711000000000000000e+03
2.716000000000000000e+03
2.718000000000000000e+03
2.724000000000000000e+03
2.726000000000000000e+03
2.727000000000000000e+03
2.732000000000000000e+03
2.734000000000000000e+03
2.742000000000000000e+03
2.743000000000000000e+03
2.745000000000000000e+03
2.746000000000000000e+03
2.747000000000000000e+03
2.750000000000000000e+03
2.751000000000000000e+03
2.752000000000000000e+03
2.755000000000000000e+03
2.756000000000000000e+03
2.759000000000000000e+03
2.761000000000000000e+03
2.763000000000000000e+03
2.765000000000000000e+03
2.766000000000000000e+03
2.769000000000000000e+03
2.772000000000000000e+03
2.773000000000000000e+03
2.776000000000000000e+03
2.778000000000000000e+03
2.781000000000000000e+03
2.783000000000000000e+03
2.787000000000000000e+03
2.792000000000000000e+03
2.796000000000000000e+03
2.799000000000000000e+03
2.800000000000000000e+03
2.802000000000000000e+03
2.804000000000000000e+03
2.805000000000000000e+03
2.806000000000000000e+03
2.808000000000000000e+03
2.811000000000000000e+03
2.814000000000000000e+03
2.815000000000000000e+03
2.817000000000000000e+03
2.819000000000000000e+03
2.823000000000000000e+03
2.826000000000000000e+03
2.828000000000000000e+03
2.830000000000000000e+03
2.831000000000000000e+03
2.832000000000000000e+03
2.834000000000000000e+03
2.837000000000000000e+03
2.838000000000000000e+03
2.840000000000000000e+03
2.841000000000000000e+03
2.842000000000000000e+03
2.844000000000000000e+03
2.845000000000000000e+03
2.847000000000000000e+03
2.849000000000000000e+03
2.851000000000000000e+03
2.853000000000000000e+03
2.854000000000000000e+03
2.859000000000000000e+03
2.860000000000000000e+03
2.861000000000000000e+03
2.862000000000000000e+03
2.864000000000000000e+03
2.865000000000000000e+03
2.866000000000000000e+03
2.867000000000000000e+03
2.868000000000000000e+03
2.870000000000000000e+03
2.876000000000000000e+03
2.878000000000000000e+03
2.879000000000000000e+03
2.880000000000000000e+03
2.881000000000000000e+03
2.883000000000000000e+03
2.885000000000000000e+03
2.889000000000000000e+03
2.894000000000000000e+03
2.895000000000000000e+03
2.902000000000000000e+03
2.903000000000000000e+03
2.905000000000000000e+03
2.907000000000000000e+03
2.908000000000000000e+03
2.910000000000000000e+03
2.913000000000000000e+03
2.918000000000000000e+03
2.919000000000000000e+03
2.921000000000000000e+03
2.923000000000000000e+03
2.924000000000000000e+03
2.925000000000000000e+03
2.926000000000000000e+03
2.927000000000000000e+03
2.929000000000000000e+03
2.931000000000000000e+03
2.933000000000000000e+03
2.935000000000000000e+03
2.937000000000000000e+03
2.940000000000000000e+03
2.941000000000000000e+03
2.942000000000000000e+03
2.943000000000000000e+03
2.944000000000000000e+03
2.946000000000000000e+03
2.947000000000000000e+03
2.956000000000000000e+03
2.958000000000000000e+03
2.959000000000000000e+03
2.960000000000000000e+03
2.966000000000000000e+03
2.967000000000000000e+03
2.969000000000000000e+03
2.971000000000000000e+03
2.972000000000000000e+03
2.975000000000000000e+03
2.982000000000000000e+03
2.983000000000000000e+03
2.986000000000000000e+03
2.988000000000000000e+03
2.990000000000000000e+03
2.995000000000000000e+03
2.997000000000000000e+03
3.001000000000000000e+03
3.004000000000000000e+03
3.006000000000000000e+03
3.011000000000000000e+03
3.012000000000000000e+03
3.019000000000000000e+03
3.024000000000000000e+03
3.025000000000000000e+03
3.026000000000000000e+03
3.028000000000000000e+03
3.032000000000000000e+03
3.033000000000000000e+03
3.035000000000000000e+03
3.036000000000000000e+03
3.038000000000000000e+03
3.039000000000000000e+03
3.040000000000000000e+03
3.042000000000000000e+03
3.044000000000000000e+03
3.045000000000000000e+03
3.050000000000000000e+03
3.053000000000000000e+03
3.057000000000000000e+03
3.059000000000000000e+03
3.075000000000000000e+03
3.077000000000000000e+03
3.078000000000000000e+03
3.080000000000000000e+03
3.082000000000000000e+03
3.085000000000000000e+03
3.089000000000000000e+03
3.091000000000000000e+03
3.092000000000000000e+03
3.096000000000000000e+03
3.100000000000000000e+03
3.102000000000000000e+03
3.104000000000000000e+03
3.107000000000000000e+03
3.109000000000000000e+03
3.111000000000000000e+03
3.113000000000000000e+03
3.118000000000000000e+03
3.119000000000000000e+03
3.120000000000000000e+03
3.122000000000000000e+03
3.123000000000000000e+03
3.128000000000000000e+03
3.132000000000000000e+03
3.134000000000000000e+03
3.137000000000000000e+03
3.140000000000000000e+03
3.149000000000000000e+03
3.154000000000000000e+03
3.156000000000000000e+03
3.157000000000000000e+03
3.158000000000000000e+03
3.159000000000000000e+03
3.161000000000000000e+03
3.162000000000000000e+03
3.167000000000000000e+03
3.172000000000000000e+03
3.173000000000000000e+03
3.175000000000000000e+03
3.177000000000000000e+03
3.178000000000000000e+03
3.180000000000000000e+03
3.183000000000000000e+03
3.187000000000000000e+03
3.188000000000000000e+03
3.192000000000000000e+03
3.194000000000000000e+03
3.195000000000000000e+03
3.197000000000000000e+03
3.198000000000000000e+03
3.201000000000000000e+03
3.203000000000000000e+03
3.205000000000000000e+03
3.206000000000000000e+03
3.207000000000000000e+03
3.209000000000000000e+03
3.212000000000000000e+03
3.214000000000000000e+03
3.215000000000000000e+03
3.217000000000000000e+03
3.221000000000000000e+03
3.225000000000000000e+03
3.232000000000000000e+03
3.236000000000000000e+03
3.238000000000000000e+03
3.239000000000000000e+03
3.240000000000000000e+03
3.243000000000000000e+03
3.249000000000000000e+03
3.256000000000000000e+03
3.257000000000000000e+03
3.258000000000000000e+03
3.262000000000000000e+03
3.263000000000000000e+03
3.264000000000000000e+03
3.271000000000000000e+03
3.273000000000000000e+03
3.274000000000000000e+03
3.275000000000000000e+03
3.276000000000000000e+03
3.279000000000000000e+03
3.280000000000000000e+03
3.283000000000000000e+03
3.285000000000000000e+03
3.293000000000000000e+03
3.294000000000000000e+03
3.295000000000000000e+03
3.298000000000000000e+03
3.300000000000000000e+03
3.302000000000000000e+03
3.303000000000000000e+03
3.304000000000000000e+03
3.305000000000000000e+03
3.308000000000000000e+03
3.311000000000000000e+03
3.314000000000000000e+03
3.316000000000000000e+03
3.317000000000000000e+03
3.318000000000000000e+03
3.320000000000000000e+03
3.321000000000000000e+03
3.326000000000000000e+03
3.331000000000000000e+03
3.335000000000000000e+03
3.337000000000000000e+03
3.340000000000000000e+03
3.342000000000000000e+03
3.345000000000000000e+03
3.346000000000000000e+03
3.348000000000000000e+03
3.349000000000000000e+03
3.356000000000000000e+03
3.358000000000000000e+03
3.359000000000000000e+03
3.363000000000000000e+03
3.364000000000000000e+03
3.366000000000000000e+03
3.367000000000000000e+03
3.371000000000000000e+03
3.373000000000000000e+03
3.375000000000000000e+03
3.376000000000000000e+03
3.378000000000000000e+03
3.382000000000000000e+03
3.389000000000000000e+03
3.392000000000000000e+03
3.396000000000000000e+03
3.401000000000000000e+03
3.402000000000000000e+03
3.404000000000000000e+03
3.407000000000000000e+03
3.408000000000000000e+03
3.415000000000000000e+03
3.418000000000000000e+03
3.421000000000000000e+03
3.424000000000000000e+03
3.425000000000000000e+03
3.428000000000000000e+03
3.431000000000000000e+03
3.435000000000000000e+03
3.436000000000000000e+03
3.445000000000000000e+03
3.451000000000000000e+03
3.452000000000000000e+03
3.455000000000000000e+03
3.460000000000000000e+03
3.463000000000000000e+03
3.467000000000000000e+03
3.472000000000000000e+03
3.473000000000000000e+03
3.474000000000000000e+03
3.475000000000000000e+03
3.477000000000000000e+03
3.481000000000000000e+03
3.483000000000000000e+03
3.484000000000000000e+03
3.486000000000000000e+03
3.492000000000000000e+03
3.493000000000000000e+03
3.495000000000000000e+03
3.496000000000000000e+03
3.497000000000000000e+03
3.498000000000000000e+03
3.505000000000000000e+03
3.508000000000000000e+03
3.509000000000000000e+03
3.510000000000000000e+03
3.514000000000000000e+03
3.522000000000000000e+03
3.523000000000000000e+03
3.524000000000000000e+03
3.526000000000000000e+03
3.528000000000000000e+03
3.531000000000000000e+03
3.536000000000000000e+03
3.537000000000000000e+03
3.538000000000000000e+03
3.541000000000000000e+03
3.542000000000000000e+03
3.543000000000000000e+03
3.545000000000000000e+03
3.549000000000000000e+03
3.551000000000000000e+03
3.552000000000000000e+03
3.555000000000000000e+03
3.556000000000000000e+03
3.557000000000000000e+03
3.558000000000000000e+03
3.559000000000000000e+03
3.560000000000000000e+03
3.561000000000000000e+03
3.565000000000000000e+03
3.567000000000000000e+03
3.580000000000000000e+03
3.583000000000000000e+03
3.585000000000000000e+03
3.596000000000000000e+03
3.608000000000000000e+03
3.613000000000000000e+03
3.615000000000000000e+03
3.621000000000000000e+03
3.623000000000000000e+03
3.625000000000000000e+03
3.626000000000000000e+03
3.628000000000000000e+03
3.631000000000000000e+03
3.634000000000000000e+03
3.635000000000000000e+03
3.638000000000000000e+03
3.640000000000000000e+03
3.642000000000000000e+03
3.643000000000000000e+03
3.645000000000000000e+03
3.648000000000000000e+03
3.653000000000000000e+03
3.657000000000000000e+03
3.658000000000000000e+03
3.662000000000000000e+03
3.666000000000000000e+03
3.669000000000000000e+03
3.670000000000000000e+03
3.671000000000000000e+03
3.672000000000000000e+03
3.673000000000000000e+03
3.674000000000000000e+03
3.679000000000000000e+03
3.682000000000000000e+03
3.683000000000000000e+03
3.684000000000000000e+03
3.685000000000000000e+03
3.692000000000000000e+03
3.695000000000000000e+03
3.700000000000000000e+03
3.704000000000000000e+03
3.705000000000000000e+03
3.711000000000000000e+03
3.713000000000000000e+03
3.719000000000000000e+03
3.721000000000000000e+03
3.724000000000000000e+03
3.727000000000000000e+03
3.735000000000000000e+03
3.736000000000000000e+03
3.737000000000000000e+03
3.738000000000000000e+03
3.740000000000000000e+03
3.741000000000000000e+03
3.743000000000000000e+03
3.744000000000000000e+03
3.747000000000000000e+03
3.748000000000000000e+03
3.749000000000000000e+03
3.750000000000000000e+03
3.752000000000000000e+03
3.753000000000000000e+03
3.757000000000000000e+03
3.760000000000000000e+03
3.762000000000000000e+03
3.763000000000000000e+03
3.767000000000000000e+03
3.769000000000000000e+03
3.770000000000000000e+03
3.776000000000000000e+03
3.779000000000000000e+03
3.783000000000000000e+03
3.788000000000000000e+03
3.789000000000000000e+03
3.792000000000000000e+03
3.794000000000000000e+03
3.799000000000000000e+03
3.801000000000000000e+03
3.804000000000000000e+03
3.805000000000000000e+03
3.807000000000000000e+03
3.811000000000000000e+03
3.820000000000000000e+03
3.821000000000000000e+03
3.828000000000000000e+03
3.832000000000000000e+03
3.837000000000000000e+03
3.840000000000000000e+03
3.842000000000000000e+03
3.848000000000000000e+03
3.849000000000000000e+03
3.852000000000000000e+03
3.853000000000000000e+03
3.859000000000000000e+03
3.866000000000000000e+03
3.869000000000000000e+03
3.873000000000000000e+03
3.875000000000000000e+03
3.877000000000000000e+03
3.881000000000000000e+03
3.886000000000000000e+03
3.906000000000000000e+03
3.908000000000000000e+03
3.910000000000000000e+03
3.912000000000000000e+03
3.913000000000000000e+03
3.915000000000000000e+03
3.916000000000000000e+03
3.918000000000000000e+03
3.924000000000000000e+03
3.927000000000000000e+03
3.928000000000000000e+03
3.934000000000000000e+03
3.935000000000000000e+03
3.941000000000000000e+03
3.945000000000000000e+03
3.946000000000000000e+03
3.947000000000000000e+03
3.949000000000000000e+03
3.953000000000000000e+03
3.960000000000000000e+03
3.965000000000000000e+03
3.969000000000000000e+03
3.974000000000000000e+03
3.977000000000000000e+03
3.983000000000000000e+03
3.984000000000000000e+03
3.987000000000000000e+03
3.990000000000000000e+03
3.994000000000000000e+03
3.995000000000000000e+03
3.997000000000000000e+03
4.002000000000000000e+03
4.004000000000000000e+03
4.006000000000000000e+03
4.008000000000000000e+03
4.012000000000000000e+03
4.013000000000000000e+03
4.016000000000000000e+03
4.020000000000000000e+03
4.021000000000000000e+03
4.024000000000000000e+03
4.025000000000000000e+03
4.032000000000000000e+03
4.035000000000000000e+03
4.036000000000000000e+03
4.038000000000000000e+03
4.040000000000000000e+03
4.042000000000000000e+03
4.043000000000000000e+03
4.048000000000000000e+03
4.049000000000000000e+03
4.055000000000000000e+03
4.064000000000000000e+03
4.065000000000000000e+03
4.066000000000000000e+03
4.069000000000000000e+03
4.073000000000000000e+03
4.075000000000000000e+03
4.081000000000000000e+03
4.082000000000000000e+03
4.084000000000000000e+03
4.087000000000000000e+03
4.091000000000000000e+03
4.092000000000000000e+03
4.093000000000000000e+03
4.094000000000000000e+03
4.096000000000000000e+03
4.098000000000000000e+03
4.099000000000000000e+03
4.100000000000000000e+03
4.101000000000000000e+03
4.103000000000000000e+03
4.104000000000000000e+03
4.107000000000000000e+03
4.108000000000000000e+03
4.109000000000000000e+03
4.110000000000000000e+03
4.111000000000000000e+03
4.113000000000000000e+03
4.114000000000000000e+03
4.116000000000000000e+03
4.117000000000000000e+03
4.119000000000000000e+03
4.121000000000000000e+03
4.122000000000000000e+03
4.124000000000000000e+03
4.125000000000000000e+03
4.127000000000000000e+03
4.128000000000000000e+03
4.130000000000000000e+03
4.131000000000000000e+03
4.132000000000000000e+03
4.133000000000000000e+03
4.134000000000000000e+03
4.135000000000000000e+03
4.136000000000000000e+03
4.137000000000000000e+03
4.138000000000000000e+03
4.147000000000000000e+03
4.149000000000000000e+03
4.150000000000000000e+03
4.152000000000000000e+03
4.153000000000000000e+03
4.157000000000000000e+03
4.160000000000000000e+03
4.163000000000000000e+03
4.164000000000000000e+03
4.170000000000000000e+03
4.171000000000000000e+03
4.172000000000000000e+03
4.175000000000000000e+03
4.176000000000000000e+03
4.177000000000000000e+03
4.178000000000000000e+03
4.179000000000000000e+03
4.180000000000000000e+03
4.182000000000000000e+03
4.183000000000000000e+03
4.184000000000000000e+03
4.185000000000000000e+03
4.186000000000000000e+03
4.188000000000000000e+03
4.189000000000000000e+03
4.190000000000000000e+03
4.191000000000000000e+03
4.194000000000000000e+03
4.195000000000000000e+03
4.197000000000000000e+03
4.198000000000000000e+03
4.200000000000000000e+03
4.202000000000000000e+03
4.203000000000000000e+03
4.204000000000000000e+03
4.205000000000000000e+03
4.206000000000000000e+03
4.209000000000000000e+03
4.210000000000000000e+03
4.211000000000000000e+03
4.212000000000000000e+03
4.214000000000000000e+03
4.215000000000000000e+03
4.217000000000000000e+03
4.219000000000000000e+03
4.221000000000000000e+03
4.225000000000000000e+03
4.226000000000000000e+03
4.228000000000000000e+03
4.229000000000000000e+03
4.231000000000000000e+03
4.232000000000000000e+03
4.233000000000000000e+03
4.237000000000000000e+03
4.239000000000000000e+03
4.241000000000000000e+03
4.242000000000000000e+03
4.249000000000000000e+03
4.250000000000000000e+03
4.252000000000000000e+03
4.253000000000000000e+03
4.258000000000000000e+03
4.259000000000000000e+03
4.261000000000000000e+03
4.262000000000000000e+03
4.263000000000000000e+03
4.264000000000000000e+03
4.265000000000000000e+03
4.267000000000000000e+03
4.271000000000000000e+03
4.274000000000000000e+03
4.275000000000000000e+03
4.276000000000000000e+03
4.277000000000000000e+03
4.279000000000000000e+03
4.281000000000000000e+03
4.283000000000000000e+03
4.284000000000000000e+03
4.285000000000000000e+03
4.286000000000000000e+03
4.287000000000000000e+03
4.290000000000000000e+03
4.293000000000000000e+03
4.295000000000000000e+03
4.298000000000000000e+03
4.300000000000000000e+03
4.302000000000000000e+03
4.303000000000000000e+03
4.304000000000000000e+03
4.305000000000000000e+03
4.307000000000000000e+03
4.308000000000000000e+03
4.313000000000000000e+03
4.314000000000000000e+03
4.315000000000000000e+03
4.317000000000000000e+03
4.320000000000000000e+03
4.321000000000000000e+03
4.323000000000000000e+03
4.324000000000000000e+03
4.326000000000000000e+03
4.329000000000000000e+03
4.332000000000000000e+03
4.333000000000000000e+03
4.335000000000000000e+03
4.336000000000000000e+03
4.337000000000000000e+03
4.338000000000000000e+03
4.340000000000000000e+03
4.341000000000000000e+03
4.342000000000000000e+03
4.344000000000000000e+03
4.346000000000000000e+03
4.348000000000000000e+03
4.349000000000000000e+03
4.350000000000000000e+03
4.351000000000000000e+03
4.354000000000000000e+03
4.355000000000000000e+03
4.356000000000000000e+03
4.360000000000000000e+03
4.363000000000000000e+03
4.365000000000000000e+03
4.366000000000000000e+03
4.367000000000000000e+03
4.368000000000000000e+03
4.369000000000000000e+03
4.372000000000000000e+03
4.373000000000000000e+03
4.374000000000000000e+03
4.376000000000000000e+03
4.377000000000000000e+03
4.383000000000000000e+03
4.384000000000000000e+03
4.386000000000000000e+03
4.388000000000000000e+03
4.389000000000000000e+03
4.391000000000000000e+03
4.393000000000000000e+03
4.395000000000000000e+03
4.396000000000000000e+03
4.397000000000000000e+03
4.399000000000000000e+03
4.400000000000000000e+03
4.401000000000000000e+03
4.403000000000000000e+03
4.404000000000000000e+03
4.406000000000000000e+03
4.407000000000000000e+03
4.409000000000000000e+03
4.411000000000000000e+03
4.414000000000000000e+03
4.415000000000000000e+03
4.418000000000000000e+03
4.420000000000000000e+03
4.422000000000000000e+03
4.424000000000000000e+03
4.425000000000000000e+03
4.426000000000000000e+03
4.427000000000000000e+03
4.428000000000000000e+03
4.435000000000000000e+03
4.437000000000000000e+03
4.441000000000000000e+03
4.443000000000000000e+03
4.445000000000000000e+03
4.447000000000000000e+03
4.449000000000000000e+03
4.450000000000000000e+03
4.453000000000000000e+03
4.454000000000000000e+03
4.455000000000000000e+03
4.456000000000000000e+03
4.457000000000000000e+03
4.459000000000000000e+03
4.461000000000000000e+03
4.463000000000000000e+03
4.464000000000000000e+03
4.467000000000000000e+03
4.469000000000000000e+03
4.472000000000000000e+03
4.474000000000000000e+03
4.475000000000000000e+03
4.476000000000000000e+03
4.479000000000000000e+03
4.481000000000000000e+03
4.486000000000000000e+03
4.487000000000000000e+03
4.488000000000000000e+03
4.490000000000000000e+03
4.492000000000000000e+03
4.494000000000000000e+03
4.495000000000000000e+03
4.496000000000000000e+03
4.499000000000000000e+03
4.502000000000000000e+03
4.504000000000000000e+03
4.505000000000000000e+03
4.506000000000000000e+03
4.507000000000000000e+03
4.508000000000000000e+03
4.511000000000000000e+03
4.515000000000000000e+03
4.518000000000000000e+03
4.519000000000000000e+03
4.520000000000000000e+03
4.521000000000000000e+03
4.523000000000000000e+03
4.524000000000000000e+03
4.527000000000000000e+03
4.528000000000000000e+03
4.529000000000000000e+03
4.532000000000000000e+03
4.534000000000000000e+03
4.538000000000000000e+03
4.539000000000000000e+03
4.542000000000000000e+03
4.543000000000000000e+03
4.544000000000000000e+03
4.546000000000000000e+03
4.548000000000000000e+03
4.549000000000000000e+03
4.550000000000000000e+03
4.552000000000000000e+03
4.554000000000000000e+03
4.556000000000000000e+03
4.559000000000000000e+03
4.561000000000000000e+03
4.562000000000000000e+03
4.565000000000000000e+03
4.566000000000000000e+03
4.570000000000000000e+03
4.571000000000000000e+03
4.572000000000000000e+03
4.573000000000000000e+03
4.574000000000000000e+03
4.575000000000000000e+03
4.577000000000000000e+03
4.579000000000000000e+03
4.580000000000000000e+03
4.581000000000000000e+03
4.583000000000000000e+03
4.585000000000000000e+03
4.586000000000000000e+03
4.587000000000000000e+03
4.588000000000000000e+03
4.589000000000000000e+03
4.590000000000000000e+03
4.591000000000000000e+03
4.595000000000000000e+03
4.596000000000000000e+03
4.598000000000000000e+03
4.599000000000000000e+03
4.601000000000000000e+03
4.602000000000000000e+03
4.603000000000000000e+03
4.604000000000000000e+03
4.605000000000000000e+03
4.606000000000000000e+03
4.614000000000000000e+03
4.616000000000000000e+03
4.618000000000000000e+03
4.619000000000000000e+03
4.620000000000000000e+03
4.622000000000000000e+03
4.626000000000000000e+03
4.627000000000000000e+03
4.629000000000000000e+03
4.632000000000000000e+03
4.633000000000000000e+03
4.634000000000000000e+03
4.635000000000000000e+03
4.636000000000000000e+03
4.637000000000000000e+03
4.638000000000000000e+03
4.640000000000000000e+03
4.642000000000000000e+03
4.643000000000000000e+03
4.645000000000000000e+03
4.646000000000000000e+03
4.647000000000000000e+03
4.648000000000000000e+03
4.652000000000000000e+03
4.653000000000000000e+03
4.654000000000000000e+03
4.656000000000000000e+03
4.658000000000000000e+03
4.659000000000000000e+03
4.660000000000000000e+03
4.661000000000000000e+03
4.662000000000000000e+03
4.663000000000000000e+03
4.665000000000000000e+03
4.666000000000000000e+03
4.669000000000000000e+03
4.670000000000000000e+03
4.671000000000000000e+03
4.672000000000000000e+03
4.674000000000000000e+03
4.675000000000000000e+03
4.677000000000000000e+03
4.679000000000000000e+03
4.680000000000000000e+03
4.682000000000000000e+03
4.683000000000000000e+03
4.684000000000000000e+03
4.688000000000000000e+03
4.689000000000000000e+03
4.691000000000000000e+03
4.693000000000000000e+03
4.694000000000000000e+03
4.695000000000000000e+03
4.696000000000000000e+03
4.698000000000000000e+03
4.699000000000000000e+03
4.700000000000000000e+03
4.701000000000000000e+03
4.702000000000000000e+03
4.703000000000000000e+03
4.708000000000000000e+03
4.710000000000000000e+03
4.713000000000000000e+03
4.714000000000000000e+03
4.716000000000000000e+03
4.717000000000000000e+03
4.718000000000000000e+03
4.719000000000000000e+03
4.720000000000000000e+03
4.722000000000000000e+03
4.728000000000000000e+03
4.729000000000000000e+03
4.731000000000000000e+03
4.733000000000000000e+03
4.735000000000000000e+03
4.736000000000000000e+03
4.739000000000000000e+03
4.740000000000000000e+03
4.741000000000000000e+03
4.743000000000000000e+03
4.747000000000000000e+03
4.748000000000000000e+03
4.751000000000000000e+03
4.752000000000000000e+03
4.753000000000000000e+03
4.756000000000000000e+03
4.758000000000000000e+03
4.759000000000000000e+03
4.761000000000000000e+03
4.762000000000000000e+03
4.765000000000000000e+03
4.766000000000000000e+03
4.768000000000000000e+03
4.769000000000000000e+03
4.771000000000000000e+03
4.774000000000000000e+03
4.777000000000000000e+03
4.778000000000000000e+03
4.779000000000000000e+03
4.780000000000000000e+03
4.782000000000000000e+03
4.787000000000000000e+03
4.788000000000000000e+03
4.793000000000000000e+03
4.795000000000000000e+03
4.796000000000000000e+03
4.800000000000000000e+03
4.802000000000000000e+03
4.803000000000000000e+03
4.805000000000000000e+03
4.806000000000000000e+03
4.807000000000000000e+03
4.809000000000000000e+03
4.811000000000000000e+03
4.812000000000000000e+03
4.813000000000000000e+03
4.814000000000000000e+03
4.819000000000000000e+03
4.820000000000000000e+03
4.821000000000000000e+03
4.823000000000000000e+03
4.826000000000000000e+03
4.827000000000000000e+03
4.828000000000000000e+03
4.829000000000000000e+03
4.832000000000000000e+03
4.833000000000000000e+03
4.835000000000000000e+03
4.840000000000000000e+03
4.841000000000000000e+03
4.844000000000000000e+03
4.845000000000000000e+03
4.846000000000000000e+03
4.848000000000000000e+03
4.849000000000000000e+03
4.851000000000000000e+03
4.853000000000000000e+03
4.854000000000000000e+03
4.855000000000000000e+03
4.859000000000000000e+03
4.866000000000000000e+03
4.867000000000000000e+03
4.873000000000000000e+03
4.875000000000000000e+03
4.876000000000000000e+03
4.877000000000000000e+03
4.880000000000000000e+03
4.881000000000000000e+03
4.883000000000000000e+03
4.885000000000000000e+03
4.886000000000000000e+03
4.888000000000000000e+03
4.894000000000000000e+03
4.895000000000000000e+03
4.896000000000000000e+03
4.898000000000000000e+03
4.899000000000000000e+03
4.905000000000000000e+03
4.909000000000000000e+03
4.910000000000000000e+03
4.912000000000000000e+03
4.913000000000000000e+03
4.915000000000000000e+03
4.917000000000000000e+03
4.918000000000000000e+03
4.919000000000000000e+03
4.920000000000000000e+03
4.921000000000000000e+03
4.922000000000000000e+03
4.923000000000000000e+03
4.924000000000000000e+03
4.925000000000000000e+03
4.927000000000000000e+03
4.932000000000000000e+03
4.933000000000000000e+03
4.935000000000000000e+03
4.936000000000000000e+03
4.937000000000000000e+03
4.942000000000000000e+03
4.943000000000000000e+03
4.945000000000000000e+03
4.948000000000000000e+03
4.949000000000000000e+03
4.952000000000000000e+03
4.954000000000000000e+03
4.955000000000000000e+03
4.957000000000000000e+03
4.958000000000000000e+03
4.959000000000000000e+03
4.961000000000000000e+03
4.962000000000000000e+03
4.964000000000000000e+03
4.966000000000000000e+03
4.967000000000000000e+03
4.969000000000000000e+03
4.971000000000000000e+03
4.973000000000000000e+03
4.974000000000000000e+03
4.976000000000000000e+03
4.979000000000000000e+03
4.981000000000000000e+03
4.983000000000000000e+03
4.984000000000000000e+03
4.985000000000000000e+03
4.986000000000000000e+03
4.987000000000000000e+03
4.988000000000000000e+03
4.990000000000000000e+03
4.991000000000000000e+03
4.992000000000000000e+03
4.994000000000000000e+03
4.999000000000000000e+03
5.000000000000000000e+03
5.003000000000000000e+03
5.004000000000000000e+03
5.005000000000000000e+03
5.006000000000000000e+03
5.008000000000000000e+03
5.011000000000000000e+03
5.016000000000000000e+03
5.017000000000000000e+03
5.019000000000000000e+03
5.020000000000000000e+03
5.021000000000000000e+03
5.023000000000000000e+03
5.024000000000000000e+03
5.027000000000000000e+03
5.028000000000000000e+03
5.029000000000000000e+03
5.030000000000000000e+03
5.031000000000000000e+03
5.032000000000000000e+03
5.033000000000000000e+03
5.034000000000000000e+03
5.037000000000000000e+03
5.038000000000000000e+03
5.039000000000000000e+03
5.040000000000000000e+03
5.042000000000000000e+03
5.043000000000000000e+03
5.045000000000000000e+03
5.046000000000000000e+03
5.047000000000000000e+03
5.048000000000000000e+03
5.050000000000000000e+03
5.052000000000000000e+03
5.053000000000000000e+03
5.056000000000000000e+03
5.058000000000000000e+03
5.063000000000000000e+03
5.064000000000000000e+03
5.065000000000000000e+03
5.066000000000000000e+03
5.068000000000000000e+03
5.070000000000000000e+03
5.071000000000000000e+03
5.072000000000000000e+03
5.073000000000000000e+03
5.074000000000000000e+03
5.075000000000000000e+03
5.077000000000000000e+03
5.080000000000000000e+03
5.082000000000000000e+03
5.083000000000000000e+03
5.084000000000000000e+03
5.086000000000000000e+03
5.087000000000000000e+03
5.088000000000000000e+03
5.089000000000000000e+03
5.093000000000000000e+03
5.097000000000000000e+03
5.100000000000000000e+03
5.101000000000000000e+03
5.103000000000000000e+03
5.105000000000000000e+03
5.106000000000000000e+03
5.107000000000000000e+03
5.108000000000000000e+03
5.112000000000000000e+03
5.113000000000000000e+03
5.114000000000000000e+03
5.116000000000000000e+03
5.117000000000000000e+03
5.118000000000000000e+03
5.122000000000000000e+03
5.126000000000000000e+03
5.131000000000000000e+03
5.132000000000000000e+03
5.136000000000000000e+03
5.138000000000000000e+03
5.139000000000000000e+03
5.140000000000000000e+03
5.143000000000000000e+03
5.144000000000000000e+03
5.145000000000000000e+03
5.147000000000000000e+03
5.148000000000000000e+03
5.149000000000000000e+03
5.150000000000000000e+03
5.152000000000000000e+03
5.155000000000000000e+03
5.157000000000000000e+03
5.158000000000000000e+03
5.159000000000000000e+03
5.160000000000000000e+03
5.162000000000000000e+03
5.164000000000000000e+03
5.165000000000000000e+03
5.166000000000000000e+03
5.170000000000000000e+03
5.171000000000000000e+03
5.172000000000000000e+03
5.174000000000000000e+03
5.179000000000000000e+03
5.181000000000000000e+03
5.183000000000000000e+03
5.184000000000000000e+03
5.186000000000000000e+03
5.188000000000000000e+03
5.189000000000000000e+03
5.191000000000000000e+03
5.196000000000000000e+03
5.197000000000000000e+03
5.198000000000000000e+03
5.204000000000000000e+03
5.205000000000000000e+03
5.206000000000000000e+03
5.207000000000000000e+03
5.209000000000000000e+03
5.210000000000000000e+03
5.211000000000000000e+03
5.213000000000000000e+03
5.214000000000000000e+03
5.215000000000000000e+03
5.216000000000000000e+03
5.217000000000000000e+03
5.220000000000000000e+03
5.221000000000000000e+03
5.225000000000000000e+03
5.226000000000000000e+03
5.227000000000000000e+03
5.228000000000000000e+03
5.229000000000000000e+03
5.231000000000000000e+03
5.232000000000000000e+03
5.233000000000000000e+03
5.235000000000000000e+03
5.242000000000000000e+03
5.244000000000000000e+03
5.245000000000000000e+03
5.246000000000000000e+03
5.248000000000000000e+03
5.253000000000000000e+03
5.255000000000000000e+03
5.257000000000000000e+03
5.258000000000000000e+03
5.259000000000000000e+03
5.260000000000000000e+03
5.261000000000000000e+03
5.262000000000000000e+03
5.263000000000000000e+03
5.264000000000000000e+03
5.265000000000000000e+03
5.269000000000000000e+03
5.270000000000000000e+03
5.271000000000000000e+03
5.272000000000000000e+03
5.273000000000000000e+03
5.275000000000000000e+03
5.280000000000000000e+03
5.281000000000000000e+03
5.283000000000000000e+03
5.284000000000000000e+03
5.288000000000000000e+03
5.289000000000000000e+03
5.292000000000000000e+03
5.293000000000000000e+03
5.294000000000000000e+03
5.297000000000000000e+03
5.299000000000000000e+03
5.300000000000000000e+03
5.304000000000000000e+03
5.305000000000000000e+03
5.306000000000000000e+03
5.307000000000000000e+03
5.308000000000000000e+03
5.309000000000000000e+03
5.310000000000000000e+03
5.312000000000000000e+03
5.313000000000000000e+03
5.318000000000000000e+03
5.319000000000000000e+03
5.321000000000000000e+03
5.322000000000000000e+03
5.324000000000000000e+03
5.326000000000000000e+03
5.331000000000000000e+03
5.334000000000000000e+03
5.337000000000000000e+03
5.339000000000000000e+03
5.340000000000000000e+03
5.341000000000000000e+03
5.343000000000000000e+03
5.344000000000000000e+03
5.345000000000000000e+03
5.348000000000000000e+03
5.349000000000000000e+03
5.352000000000000000e+03
5.354000000000000000e+03
5.356000000000000000e+03
5.357000000000000000e+03
5.360000000000000000e+03
5.363000000000000000e+03
5.365000000000000000e+03
5.366000000000000000e+03
5.367000000000000000e+03
5.369000000000000000e+03
5.370000000000000000e+03
5.371000000000000000e+03
5.374000000000000000e+03
5.378000000000000000e+03
5.382000000000000000e+03
5.383000000000000000e+03
5.384000000000000000e+03
5.386000000000000000e+03
5.388000000000000000e+03
5.389000000000000000e+03
5.390000000000000000e+03
5.393000000000000000e+03
5.396000000000000000e+03
5.397000000000000000e+03
5.399000000000000000e+03
5.401000000000000000e+03
5.406000000000000000e+03
5.407000000000000000e+03
5.409000000000000000e+03
5.411000000000000000e+03
5.413000000000000000e+03
5.415000000000000000e+03
5.416000000000000000e+03
5.417000000000000000e+03
5.419000000000000000e+03
5.420000000000000000e+03
5.421000000000000000e+03
5.423000000000000000e+03
5.425000000000000000e+03
5.429000000000000000e+03
5.430000000000000000e+03
5.431000000000000000e+03
5.432000000000000000e+03
5.433000000000000000e+03
5.436000000000000000e+03
5.437000000000000000e+03
5.441000000000000000e+03
5.445000000000000000e+03
5.447000000000000000e+03
5.449000000000000000e+03
5.450000000000000000e+03
5.451000000000000000e+03
5.454000000000000000e+03
5.455000000000000000e+03
5.457000000000000000e+03
5.458000000000000000e+03
5.460000000000000000e+03
5.465000000000000000e+03
5.466000000000000000e+03
5.467000000000000000e+03
5.468000000000000000e+03
5.472000000000000000e+03
5.474000000000000000e+03
5.475000000000000000e+03
5.480000000000000000e+03
5.481000000000000000e+03
5.482000000000000000e+03
5.483000000000000000e+03
5.484000000000000000e+03
5.488000000000000000e+03
5.491000000000000000e+03
5.492000000000000000e+03
5.493000000000000000e+03
5.497000000000000000e+03
5.498000000000000000e+03
5.499000000000000000e+03
5.501000000000000000e+03
5.504000000000000000e+03
5.506000000000000000e+03
5.508000000000000000e+03
5.511000000000000000e+03
5.512000000000000000e+03
5.515000000000000000e+03
5.518000000000000000e+03
5.520000000000000000e+03
5.522000000000000000e+03
5.523000000000000000e+03
5.524000000000000000e+03
5.525000000000000000e+03
5.526000000000000000e+03
5.527000000000000000e+03
5.529000000000000000e+03
5.530000000000000000e+03
5.531000000000000000e+03
5.533000000000000000e+03
5.538000000000000000e+03
5.540000000000000000e+03
5.541000000000000000e+03
5.544000000000000000e+03
5.545000000000000000e+03
5.546000000000000000e+03
5.547000000000000000e+03
5.548000000000000000e+03
5.550000000000000000e+03
5.551000000000000000e+03
5.552000000000000000e+03
5.553000000000000000e+03
5.554000000000000000e+03
5.555000000000000000e+03
5.556000000000000000e+03
5.557000000000000000e+03
5.558000000000000000e+03
5.559000000000000000e+03
5.561000000000000000e+03
5.562000000000000000e+03
5.565000000000000000e+03
5.567000000000000000e+03
5.568000000000000000e+03
5.569000000000000000e+03
5.570000000000000000e+03
5.571000000000000000e+03
5.573000000000000000e+03
5.574000000000000000e+03
5.575000000000000000e+03
5.576000000000000000e+03
5.578000000000000000e+03
5.579000000000000000e+03
5.580000000000000000e+03
5.581000000000000000e+03
5.583000000000000000e+03
5.584000000000000000e+03
5.585000000000000000e+03
5.586000000000000000e+03
5.588000000000000000e+03
5.589000000000000000e+03
5.591000000000000000e+03
5.592000000000000000e+03
5.593000000000000000e+03
5.595000000000000000e+03
5.597000000000000000e+03
5.598000000000000000e+03
5.599000000000000000e+03
5.600000000000000000e+03
5.604000000000000000e+03
5.606000000000000000e+03
5.612000000000000000e+03
5.613000000000000000e+03
5.616000000000000000e+03
5.618000000000000000e+03
5.621000000000000000e+03
5.623000000000000000e+03
5.624000000000000000e+03
5.625000000000000000e+03
5.626000000000000000e+03
5.627000000000000000e+03
5.629000000000000000e+03
5.637000000000000000e+03
5.642000000000000000e+03
5.644000000000000000e+03
5.646000000000000000e+03
5.647000000000000000e+03
5.648000000000000000e+03
5.656000000000000000e+03
5.659000000000000000e+03
5.660000000000000000e+03
5.663000000000000000e+03
5.665000000000000000e+03
5.671000000000000000e+03
5.673000000000000000e+03
5.675000000000000000e+03
5.678000000000000000e+03
5.682000000000000000e+03
5.686000000000000000e+03
5.688000000000000000e+03
5.691000000000000000e+03
5.696000000000000000e+03
5.697000000000000000e+03
5.701000000000000000e+03
5.702000000000000000e+03
5.707000000000000000e+03
5.710000000000000000e+03
5.713000000000000000e+03
5.714000000000000000e+03
5.715000000000000000e+03
5.717000000000000000e+03
5.719000000000000000e+03
5.720000000000000000e+03
5.721000000000000000e+03
5.723000000000000000e+03
5.725000000000000000e+03
5.727000000000000000e+03
5.730000000000000000e+03
5.732000000000000000e+03
5.738000000000000000e+03
5.740000000000000000e+03
5.743000000000000000e+03
5.745000000000000000e+03
5.746000000000000000e+03
5.748000000000000000e+03
5.749000000000000000e+03
5.751000000000000000e+03
5.752000000000000000e+03
5.754000000000000000e+03
5.759000000000000000e+03
5.762000000000000000e+03
5.763000000000000000e+03
5.764000000000000000e+03
5.766000000000000000e+03
5.768000000000000000e+03
5.769000000000000000e+03
5.770000000000000000e+03
5.771000000000000000e+03
5.778000000000000000e+03
5.780000000000000000e+03
5.782000000000000000e+03
5.783000000000000000e+03
5.784000000000000000e+03
5.785000000000000000e+03
5.786000000000000000e+03
5.787000000000000000e+03
5.788000000000000000e+03
5.789000000000000000e+03
5.791000000000000000e+03
5.792000000000000000e+03
5.793000000000000000e+03
5.796000000000000000e+03
5.800000000000000000e+03
5.801000000000000000e+03
5.803000000000000000e+03
5.804000000000000000e+03
5.805000000000000000e+03
5.808000000000000000e+03
5.809000000000000000e+03
5.810000000000000000e+03
5.813000000000000000e+03
5.814000000000000000e+03
5.817000000000000000e+03
5.818000000000000000e+03
5.819000000000000000e+03
5.822000000000000000e+03
5.823000000000000000e+03
5.824000000000000000e+03
5.825000000000000000e+03
5.827000000000000000e+03
5.835000000000000000e+03
5.836000000000000000e+03
5.837000000000000000e+03
5.838000000000000000e+03
5.840000000000000000e+03
5.842000000000000000e+03
5.844000000000000000e+03
5.850000000000000000e+03
5.852000000000000000e+03
5.854000000000000000e+03
5.860000000000000000e+03
5.862000000000000000e+03
5.863000000000000000e+03
5.868000000000000000e+03
5.869000000000000000e+03
5.870000000000000000e+03
5.873000000000000000e+03
5.875000000000000000e+03
5.876000000000000000e+03
5.878000000000000000e+03
5.879000000000000000e+03
5.880000000000000000e+03
5.883000000000000000e+03
5.885000000000000000e+03
5.886000000000000000e+03
5.887000000000000000e+03
5.888000000000000000e+03
5.889000000000000000e+03
5.890000000000000000e+03
5.896000000000000000e+03
5.897000000000000000e+03
5.900000000000000000e+03
5.901000000000000000e+03
5.902000000000000000e+03
5.903000000000000000e+03
5.906000000000000000e+03
5.907000000000000000e+03
5.909000000000000000e+03
5.917000000000000000e+03
5.924000000000000000e+03
5.926000000000000000e+03
5.929000000000000000e+03
5.931000000000000000e+03
5.934000000000000000e+03
5.935000000000000000e+03
5.937000000000000000e+03
5.939000000000000000e+03
5.950000000000000000e+03
5.951000000000000000e+03
5.953000000000000000e+03
5.959000000000000000e+03
5.963000000000000000e+03
5.964000000000000000e+03
5.965000000000000000e+03
5.967000000000000000e+03
5.968000000000000000e+03
5.969000000000000000e+03
5.972000000000000000e+03
5.976000000000000000e+03
5.980000000000000000e+03
5.982000000000000000e+03
5.983000000000000000e+03
5.985000000000000000e+03
5.986000000000000000e+03
5.989000000000000000e+03
5.990000000000000000e+03
5.992000000000000000e+03
5.993000000000000000e+03
5.994000000000000000e+03
5.997000000000000000e+03
5.999000000000000000e+03
6.001000000000000000e+03
6.005000000000000000e+03
6.007000000000000000e+03
6.008000000000000000e+03
6.013000000000000000e+03
6.015000000000000000e+03
6.016000000000000000e+03
6.017000000000000000e+03
6.022000000000000000e+03
6.025000000000000000e+03
6.029000000000000000e+03
6.030000000000000000e+03
6.031000000000000000e+03
6.032000000000000000e+03
6.036000000000000000e+03
6.039000000000000000e+03
6.042000000000000000e+03
6.043000000000000000e+03
6.052000000000000000e+03
6.054000000000000000e+03
6.058000000000000000e+03
6.060000000000000000e+03
6.061000000000000000e+03
6.062000000000000000e+03
6.063000000000000000e+03
6.065000000000000000e+03
6.066000000000000000e+03
6.072000000000000000e+03
6.077000000000000000e+03
6.079000000000000000e+03
6.080000000000000000e+03
6.082000000000000000e+03
6.083000000000000000e+03
6.085000000000000000e+03
6.089000000000000000e+03
6.091000000000000000e+03
6.092000000000000000e+03
6.095000000000000000e+03
6.098000000000000000e+03
6.099000000000000000e+03
6.100000000000000000e+03
6.101000000000000000e+03
6.102000000000000000e+03
6.103000000000000000e+03
6.104000000000000000e+03
6.105000000000000000e+03
6.107000000000000000e+03
6.112000000000000000e+03
6.114000000000000000e+03
6.118000000000000000e+03
6.119000000000000000e+03
6.121000000000000000e+03
6.122000000000000000e+03
6.123000000000000000e+03
6.124000000000000000e+03
6.130000000000000000e+03
6.132000000000000000e+03
6.134000000000000000e+03
6.139000000000000000e+03
6.141000000000000000e+03
6.142000000000000000e+03
6.143000000000000000e+03
6.144000000000000000e+03
6.146000000000000000e+03
6.147000000000000000e+03
6.148000000000000000e+03
6.149000000000000000e+03
6.150000000000000000e+03
6.151000000000000000e+03
6.153000000000000000e+03
6.157000000000000000e+03
6.159000000000000000e+03
6.161000000000000000e+03
6.163000000000000000e+03
6.164000000000000000e+03
6.165000000000000000e+03
6.166000000000000000e+03
6.167000000000000000e+03
6.168000000000000000e+03
6.169000000000000000e+03
6.170000000000000000e+03
6.171000000000000000e+03
6.176000000000000000e+03
6.178000000000000000e+03
6.179000000000000000e+03
6.180000000000000000e+03
6.181000000000000000e+03
6.182000000000000000e+03
6.183000000000000000e+03
6.188000000000000000e+03
6.190000000000000000e+03
6.193000000000000000e+03
6.196000000000000000e+03
6.197000000000000000e+03
6.198000000000000000e+03
6.199000000000000000e+03
6.200000000000000000e+03
6.201000000000000000e+03
6.202000000000000000e+03
6.205000000000000000e+03
6.206000000000000000e+03
6.207000000000000000e+03
6.208000000000000000e+03
6.210000000000000000e+03
6.211000000000000000e+03
6.213000000000000000e+03
6.214000000000000000e+03
6.216000000000000000e+03
6.218000000000000000e+03
6.221000000000000000e+03
6.222000000000000000e+03
6.223000000000000000e+03
6.224000000000000000e+03
6.226000000000000000e+03
6.227000000000000000e+03
6.228000000000000000e+03
6.230000000000000000e+03
6.234000000000000000e+03
6.237000000000000000e+03
6.239000000000000000e+03
6.240000000000000000e+03
6.245000000000000000e+03
6.246000000000000000e+03
6.248000000000000000e+03
6.249000000000000000e+03
6.250000000000000000e+03
6.255000000000000000e+03
6.257000000000000000e+03
6.258000000000000000e+03
6.259000000000000000e+03
6.260000000000000000e+03
6.261000000000000000e+03
6.262000000000000000e+03
6.265000000000000000e+03
6.268000000000000000e+03
6.269000000000000000e+03
6.271000000000000000e+03
6.281000000000000000e+03
6.283000000000000000e+03
6.285000000000000000e+03
6.289000000000000000e+03
6.290000000000000000e+03
6.293000000000000000e+03
6.294000000000000000e+03
6.298000000000000000e+03
6.300000000000000000e+03
6.301000000000000000e+03
6.302000000000000000e+03
6.305000000000000000e+03
6.306000000000000000e+03
6.307000000000000000e+03
6.310000000000000000e+03
6.314000000000000000e+03
6.315000000000000000e+03
6.316000000000000000e+03
6.318000000000000000e+03
6.319000000000000000e+03
6.321000000000000000e+03
6.322000000000000000e+03
6.323000000000000000e+03
6.324000000000000000e+03
6.325000000000000000e+03
6.326000000000000000e+03
6.327000000000000000e+03
6.328000000000000000e+03
6.331000000000000000e+03
6.334000000000000000e+03
6.337000000000000000e+03
6.338000000000000000e+03
6.339000000000000000e+03
6.341000000000000000e+03
6.342000000000000000e+03
6.343000000000000000e+03
6.345000000000000000e+03
6.346000000000000000e+03
6.348000000000000000e+03
6.349000000000000000e+03
6.350000000000000000e+03
6.351000000000000000e+03
6.352000000000000000e+03
6.353000000000000000e+03
6.355000000000000000e+03
6.356000000000000000e+03
6.357000000000000000e+03
6.360000000000000000e+03
6.361000000000000000e+03
6.362000000000000000e+03
6.363000000000000000e+03
6.366000000000000000e+03
6.368000000000000000e+03
6.369000000000000000e+03
6.370000000000000000e+03
6.372000000000000000e+03
6.373000000000000000e+03
6.374000000000000000e+03
6.376000000000000000e+03
6.377000000000000000e+03
6.378000000000000000e+03
6.381000000000000000e+03
6.382000000000000000e+03
6.383000000000000000e+03
6.384000000000000000e+03
6.386000000000000000e+03
6.387000000000000000e+03
6.388000000000000000e+03
6.389000000000000000e+03
6.392000000000000000e+03
6.394000000000000000e+03
6.395000000000000000e+03
6.397000000000000000e+03
6.398000000000000000e+03
6.400000000000000000e+03
6.405000000000000000e+03
6.407000000000000000e+03
6.408000000000000000e+03
6.409000000000000000e+03
6.410000000000000000e+03
6.412000000000000000e+03
6.413000000000000000e+03
6.414000000000000000e+03
6.415000000000000000e+03
6.416000000000000000e+03
6.417000000000000000e+03
6.418000000000000000e+03
6.419000000000000000e+03
6.424000000000000000e+03
6.425000000000000000e+03
6.426000000000000000e+03
6.427000000000000000e+03
6.429000000000000000e+03
6.431000000000000000e+03
6.435000000000000000e+03
6.436000000000000000e+03
6.438000000000000000e+03
6.442000000000000000e+03
6.443000000000000000e+03
6.444000000000000000e+03
6.446000000000000000e+03
6.447000000000000000e+03
6.451000000000000000e+03
6.453000000000000000e+03
6.454000000000000000e+03
6.455000000000000000e+03
6.456000000000000000e+03
6.457000000000000000e+03
6.458000000000000000e+03
6.460000000000000000e+03
6.461000000000000000e+03
6.463000000000000000e+03
6.464000000000000000e+03
6.467000000000000000e+03
6.468000000000000000e+03
6.469000000000000000e+03
6.471000000000000000e+03
6.472000000000000000e+03
6.473000000000000000e+03
6.474000000000000000e+03
6.475000000000000000e+03
6.477000000000000000e+03
6.481000000000000000e+03
6.483000000000000000e+03
6.485000000000000000e+03
6.486000000000000000e+03
6.488000000000000000e+03
6.491000000000000000e+03
6.492000000000000000e+03
6.493000000000000000e+03
6.494000000000000000e+03
6.497000000000000000e+03
6.498000000000000000e+03
6.499000000000000000e+03
6.503000000000000000e+03
6.504000000000000000e+03
6.505000000000000000e+03
6.506000000000000000e+03
6.508000000000000000e+03
6.511000000000000000e+03
6.512000000000000000e+03
6.513000000000000000e+03
6.517000000000000000e+03
6.518000000000000000e+03
6.520000000000000000e+03
6.521000000000000000e+03
6.522000000000000000e+03
6.523000000000000000e+03
6.524000000000000000e+03
6.528000000000000000e+03
6.530000000000000000e+03
6.536000000000000000e+03
6.537000000000000000e+03
6.545000000000000000e+03
6.547000000000000000e+03
6.548000000000000000e+03
6.550000000000000000e+03
6.551000000000000000e+03
6.552000000000000000e+03
6.553000000000000000e+03
6.557000000000000000e+03
6.559000000000000000e+03
6.563000000000000000e+03
6.566000000000000000e+03
6.567000000000000000e+03
6.568000000000000000e+03
6.572000000000000000e+03
6.574000000000000000e+03
6.575000000000000000e+03
6.578000000000000000e+03
6.581000000000000000e+03
6.585000000000000000e+03
6.586000000000000000e+03
6.588000000000000000e+03
6.589000000000000000e+03
6.592000000000000000e+03
6.596000000000000000e+03
6.597000000000000000e+03
6.599000000000000000e+03
6.601000000000000000e+03
6.603000000000000000e+03
6.605000000000000000e+03
6.606000000000000000e+03
6.607000000000000000e+03
6.610000000000000000e+03
6.612000000000000000e+03
6.614000000000000000e+03
6.618000000000000000e+03
6.620000000000000000e+03
6.623000000000000000e+03
6.625000000000000000e+03
6.630000000000000000e+03
6.631000000000000000e+03
6.632000000000000000e+03
6.633000000000000000e+03
6.634000000000000000e+03
6.637000000000000000e+03
6.641000000000000000e+03
6.643000000000000000e+03
6.644000000000000000e+03
6.646000000000000000e+03
6.648000000000000000e+03
6.649000000000000000e+03
6.650000000000000000e+03
6.655000000000000000e+03
6.658000000000000000e+03
6.659000000000000000e+03
6.660000000000000000e+03
6.661000000000000000e+03
6.662000000000000000e+03
6.663000000000000000e+03
6.665000000000000000e+03
6.666000000000000000e+03
6.668000000000000000e+03
6.672000000000000000e+03
6.673000000000000000e+03
6.675000000000000000e+03
6.677000000000000000e+03
6.680000000000000000e+03
6.681000000000000000e+03
6.682000000000000000e+03
6.683000000000000000e+03
6.684000000000000000e+03
6.685000000000000000e+03
6.687000000000000000e+03
6.689000000000000000e+03
6.690000000000000000e+03
6.694000000000000000e+03
6.695000000000000000e+03
6.696000000000000000e+03
6.697000000000000000e+03
6.699000000000000000e+03
6.700000000000000000e+03
6.701000000000000000e+03
6.702000000000000000e+03
6.703000000000000000e+03
6.704000000000000000e+03
6.705000000000000000e+03
6.707000000000000000e+03
6.711000000000000000e+03
6.713000000000000000e+03
6.714000000000000000e+03
6.718000000000000000e+03
6.719000000000000000e+03
6.720000000000000000e+03
6.721000000000000000e+03
6.724000000000000000e+03
6.725000000000000000e+03
6.728000000000000000e+03
6.729000000000000000e+03
6.730000000000000000e+03
6.731000000000000000e+03
6.732000000000000000e+03
6.733000000000000000e+03
6.735000000000000000e+03
6.738000000000000000e+03
6.739000000000000000e+03
6.742000000000000000e+03
6.743000000000000000e+03
6.745000000000000000e+03
6.747000000000000000e+03
6.749000000000000000e+03
6.751000000000000000e+03
6.752000000000000000e+03
6.753000000000000000e+03
6.754000000000000000e+03
6.759000000000000000e+03
6.760000000000000000e+03
6.761000000000000000e+03
6.764000000000000000e+03
6.765000000000000000e+03
6.771000000000000000e+03
6.772000000000000000e+03
6.773000000000000000e+03
6.774000000000000000e+03
6.776000000000000000e+03
6.779000000000000000e+03
6.780000000000000000e+03
6.782000000000000000e+03
6.783000000000000000e+03
6.785000000000000000e+03
6.787000000000000000e+03
6.788000000000000000e+03
6.789000000000000000e+03
6.791000000000000000e+03
6.793000000000000000e+03
6.795000000000000000e+03
6.796000000000000000e+03
6.797000000000000000e+03
6.798000000000000000e+03
6.799000000000000000e+03
6.801000000000000000e+03
6.802000000000000000e+03
6.804000000000000000e+03
6.805000000000000000e+03
6.812000000000000000e+03
6.813000000000000000e+03
6.814000000000000000e+03
6.815000000000000000e+03
6.816000000000000000e+03
6.817000000000000000e+03
6.819000000000000000e+03
6.822000000000000000e+03
6.823000000000000000e+03
6.824000000000000000e+03
6.828000000000000000e+03
6.833000000000000000e+03
6.834000000000000000e+03
6.836000000000000000e+03
6.837000000000000000e+03
6.838000000000000000e+03
6.839000000000000000e+03
6.843000000000000000e+03
6.844000000000000000e+03
6.846000000000000000e+03
6.849000000000000000e+03
6.850000000000000000e+03
6.851000000000000000e+03
6.852000000000000000e+03
6.853000000000000000e+03
6.855000000000000000e+03
6.858000000000000000e+03
6.859000000000000000e+03
6.862000000000000000e+03
6.864000000000000000e+03
6.865000000000000000e+03
6.866000000000000000e+03
6.868000000000000000e+03
6.870000000000000000e+03
6.872000000000000000e+03
6.873000000000000000e+03
6.874000000000000000e+03
6.875000000000000000e+03
6.877000000000000000e+03
6.881000000000000000e+03
6.882000000000000000e+03
6.883000000000000000e+03
6.884000000000000000e+03
6.886000000000000000e+03
6.887000000000000000e+03
6.889000000000000000e+03
6.890000000000000000e+03
6.892000000000000000e+03
6.893000000000000000e+03
6.895000000000000000e+03
6.896000000000000000e+03
6.898000000000000000e+03
6.899000000000000000e+03
6.900000000000000000e+03
6.902000000000000000e+03
6.903000000000000000e+03
6.905000000000000000e+03
6.906000000000000000e+03
6.910000000000000000e+03
6.911000000000000000e+03
6.912000000000000000e+03
6.915000000000000000e+03
6.918000000000000000e+03
6.923000000000000000e+03
6.925000000000000000e+03
6.927000000000000000e+03
6.928000000000000000e+03
6.930000000000000000e+03
6.933000000000000000e+03
6.938000000000000000e+03
6.939000000000000000e+03
6.940000000000000000e+03
6.941000000000000000e+03
6.944000000000000000e+03
6.945000000000000000e+03
6.946000000000000000e+03
6.949000000000000000e+03
6.951000000000000000e+03
6.952000000000000000e+03
6.953000000000000000e+03
6.954000000000000000e+03
6.955000000000000000e+03
6.956000000000000000e+03
6.958000000000000000e+03
6.959000000000000000e+03
6.965000000000000000e+03
6.966000000000000000e+03
6.967000000000000000e+03
6.970000000000000000e+03
6.971000000000000000e+03
6.972000000000000000e+03
6.976000000000000000e+03
6.977000000000000000e+03
6.978000000000000000e+03
6.981000000000000000e+03
6.984000000000000000e+03
6.985000000000000000e+03
6.987000000000000000e+03
6.990000000000000000e+03
6.991000000000000000e+03
6.992000000000000000e+03
6.993000000000000000e+03
6.995000000000000000e+03
6.997000000000000000e+03
6.998000000000000000e+03
7.002000000000000000e+03
7.003000000000000000e+03
7.004000000000000000e+03
7.005000000000000000e+03
7.006000000000000000e+03
7.007000000000000000e+03
7.009000000000000000e+03
7.010000000000000000e+03
7.014000000000000000e+03
7.017000000000000000e+03
7.019000000000000000e+03
7.020000000000000000e+03
7.021000000000000000e+03
7.022000000000000000e+03
7.025000000000000000e+03
7.027000000000000000e+03
7.030000000000000000e+03
7.033000000000000000e+03
7.034000000000000000e+03
7.035000000000000000e+03
7.036000000000000000e+03
7.040000000000000000e+03
7.042000000000000000e+03
7.043000000000000000e+03
7.044000000000000000e+03
7.047000000000000000e+03
7.048000000000000000e+03
7.049000000000000000e+03
7.051000000000000000e+03
7.052000000000000000e+03
7.053000000000000000e+03
7.057000000000000000e+03
7.058000000000000000e+03
7.060000000000000000e+03
7.061000000000000000e+03
7.064000000000000000e+03
7.065000000000000000e+03
7.069000000000000000e+03
7.071000000000000000e+03
7.076000000000000000e+03
7.077000000000000000e+03
7.078000000000000000e+03
7.079000000000000000e+03
7.080000000000000000e+03
7.081000000000000000e+03
7.084000000000000000e+03
7.085000000000000000e+03
7.087000000000000000e+03
7.088000000000000000e+03
7.089000000000000000e+03
7.090000000000000000e+03
7.094000000000000000e+03
7.095000000000000000e+03
7.096000000000000000e+03
7.097000000000000000e+03
7.098000000000000000e+03
7.100000000000000000e+03
7.101000000000000000e+03
7.102000000000000000e+03
7.105000000000000000e+03
7.106000000000000000e+03
7.107000000000000000e+03
7.108000000000000000e+03
7.109000000000000000e+03
7.110000000000000000e+03
7.111000000000000000e+03
7.112000000000000000e+03
7.113000000000000000e+03
7.116000000000000000e+03
7.117000000000000000e+03
7.118000000000000000e+03
7.122000000000000000e+03
7.123000000000000000e+03
7.125000000000000000e+03
7.126000000000000000e+03
7.131000000000000000e+03
7.135000000000000000e+03
7.137000000000000000e+03
7.141000000000000000e+03
7.143000000000000000e+03
7.146000000000000000e+03
7.147000000000000000e+03
7.148000000000000000e+03
7.149000000000000000e+03
7.153000000000000000e+03
7.154000000000000000e+03
7.155000000000000000e+03
7.157000000000000000e+03
7.165000000000000000e+03
7.167000000000000000e+03
7.169000000000000000e+03
7.171000000000000000e+03
7.174000000000000000e+03
7.175000000000000000e+03
7.176000000000000000e+03
7.178000000000000000e+03
7.179000000000000000e+03
7.180000000000000000e+03
7.181000000000000000e+03
7.185000000000000000e+03
7.193000000000000000e+03
7.194000000000000000e+03
7.196000000000000000e+03
7.202000000000000000e+03
7.203000000000000000e+03
7.207000000000000000e+03
7.211000000000000000e+03
7.212000000000000000e+03
7.213000000000000000e+03
7.214000000000000000e+03
7.216000000000000000e+03
7.218000000000000000e+03
7.219000000000000000e+03
7.220000000000000000e+03
7.223000000000000000e+03
7.225000000000000000e+03
7.226000000000000000e+03
7.227000000000000000e+03
7.228000000000000000e+03
7.230000000000000000e+03
7.231000000000000000e+03
7.234000000000000000e+03
7.236000000000000000e+03
7.238000000000000000e+03
7.240000000000000000e+03
7.241000000000000000e+03
7.242000000000000000e+03
7.243000000000000000e+03
7.244000000000000000e+03
7.247000000000000000e+03
7.248000000000000000e+03
7.249000000000000000e+03
7.251000000000000000e+03
7.253000000000000000e+03
7.254000000000000000e+03
7.255000000000000000e+03
7.259000000000000000e+03
7.263000000000000000e+03
7.264000000000000000e+03
7.265000000000000000e+03
7.266000000000000000e+03
7.267000000000000000e+03
7.268000000000000000e+03
7.274000000000000000e+03
7.275000000000000000e+03
7.277000000000000000e+03
7.279000000000000000e+03
7.281000000000000000e+03
7.283000000000000000e+03
7.284000000000000000e+03
7.285000000000000000e+03
7.286000000000000000e+03
7.288000000000000000e+03
7.289000000000000000e+03
7.290000000000000000e+03
7.292000000000000000e+03
7.294000000000000000e+03
7.295000000000000000e+03
7.296000000000000000e+03
7.297000000000000000e+03
7.299000000000000000e+03
7.300000000000000000e+03
7.303000000000000000e+03
7.304000000000000000e+03
7.305000000000000000e+03
7.306000000000000000e+03
7.307000000000000000e+03
7.308000000000000000e+03
7.309000000000000000e+03
7.310000000000000000e+03
7.313000000000000000e+03
7.314000000000000000e+03
7.315000000000000000e+03
7.317000000000000000e+03
7.322000000000000000e+03
7.328000000000000000e+03
7.330000000000000000e+03
7.332000000000000000e+03
7.336000000000000000e+03
7.339000000000000000e+03
7.340000000000000000e+03
7.342000000000000000e+03
7.343000000000000000e+03
7.345000000000000000e+03
7.347000000000000000e+03
7.351000000000000000e+03
7.352000000000000000e+03
7.354000000000000000e+03
7.356000000000000000e+03
7.358000000000000000e+03
7.359000000000000000e+03
7.365000000000000000e+03
7.367000000000000000e+03
7.370000000000000000e+03
7.371000000000000000e+03
7.373000000000000000e+03
7.374000000000000000e+03
7.378000000000000000e+03
7.379000000000000000e+03
7.380000000000000000e+03
7.381000000000000000e+03
7.384000000000000000e+03
7.385000000000000000e+03
7.386000000000000000e+03
7.387000000000000000e+03
7.389000000000000000e+03
7.392000000000000000e+03
7.393000000000000000e+03
7.395000000000000000e+03
7.398000000000000000e+03
7.402000000000000000e+03
7.403000000000000000e+03
7.404000000000000000e+03
7.407000000000000000e+03
7.408000000000000000e+03
7.409000000000000000e+03
7.410000000000000000e+03
7.411000000000000000e+03
7.412000000000000000e+03
7.414000000000000000e+03
7.415000000000000000e+03
7.416000000000000000e+03
7.418000000000000000e+03
7.422000000000000000e+03
7.423000000000000000e+03
7.426000000000000000e+03
7.428000000000000000e+03
7.431000000000000000e+03
7.432000000000000000e+03
7.435000000000000000e+03
7.437000000000000000e+03
7.438000000000000000e+03
7.439000000000000000e+03
7.440000000000000000e+03
7.441000000000000000e+03
7.444000000000000000e+03
7.445000000000000000e+03
7.447000000000000000e+03
7.450000000000000000e+03
7.451000000000000000e+03
7.453000000000000000e+03
7.454000000000000000e+03
7.455000000000000000e+03
7.456000000000000000e+03
7.457000000000000000e+03
7.458000000000000000e+03
7.462000000000000000e+03
7.463000000000000000e+03
7.464000000000000000e+03
7.465000000000000000e+03
7.467000000000000000e+03
7.469000000000000000e+03
7.470000000000000000e+03
7.473000000000000000e+03
7.477000000000000000e+03
7.478000000000000000e+03
7.479000000000000000e+03
7.480000000000000000e+03
7.482000000000000000e+03
7.484000000000000000e+03
7.485000000000000000e+03
7.490000000000000000e+03
7.493000000000000000e+03
7.494000000000000000e+03
7.495000000000000000e+03
7.497000000000000000e+03
7.500000000000000000e+03
7.503000000000000000e+03
7.504000000000000000e+03
7.508000000000000000e+03
7.509000000000000000e+03
7.510000000000000000e+03
7.511000000000000000e+03
7.513000000000000000e+03
7.514000000000000000e+03
7.515000000000000000e+03
7.516000000000000000e+03
7.517000000000000000e+03
7.519000000000000000e+03
7.520000000000000000e+03
7.522000000000000000e+03
7.526000000000000000e+03
7.527000000000000000e+03
7.528000000000000000e+03
7.532000000000000000e+03
7.533000000000000000e+03
7.534000000000000000e+03
7.536000000000000000e+03
7.537000000000000000e+03
7.538000000000000000e+03
7.539000000000000000e+03
7.546000000000000000e+03
7.548000000000000000e+03
7.550000000000000000e+03
7.552000000000000000e+03
7.554000000000000000e+03
7.555000000000000000e+03
7.556000000000000000e+03
7.559000000000000000e+03
7.560000000000000000e+03
7.562000000000000000e+03
7.564000000000000000e+03
7.568000000000000000e+03
7.569000000000000000e+03
7.570000000000000000e+03
7.572000000000000000e+03
7.573000000000000000e+03
7.576000000000000000e+03
7.577000000000000000e+03
7.578000000000000000e+03
7.580000000000000000e+03
7.581000000000000000e+03
7.582000000000000000e+03
7.583000000000000000e+03
7.584000000000000000e+03
7.588000000000000000e+03
7.593000000000000000e+03
7.594000000000000000e+03
7.596000000000000000e+03
7.600000000000000000e+03
7.601000000000000000e+03
7.602000000000000000e+03
7.605000000000000000e+03
7.606000000000000000e+03
7.610000000000000000e+03
7.612000000000000000e+03
7.613000000000000000e+03
7.616000000000000000e+03
7.618000000000000000e+03
7.620000000000000000e+03
7.621000000000000000e+03
7.623000000000000000e+03
7.626000000000000000e+03
7.628000000000000000e+03
7.629000000000000000e+03
7.630000000000000000e+03
7.634000000000000000e+03
7.637000000000000000e+03
7.638000000000000000e+03
7.639000000000000000e+03
7.640000000000000000e+03
7.642000000000000000e+03
7.643000000000000000e+03
7.644000000000000000e+03
7.645000000000000000e+03
7.646000000000000000e+03
7.647000000000000000e+03
7.649000000000000000e+03
7.650000000000000000e+03
7.651000000000000000e+03
7.652000000000000000e+03
7.653000000000000000e+03
7.655000000000000000e+03
7.660000000000000000e+03
7.661000000000000000e+03
7.662000000000000000e+03
7.663000000000000000e+03
7.664000000000000000e+03
7.666000000000000000e+03
7.667000000000000000e+03
7.669000000000000000e+03
7.670000000000000000e+03
7.672000000000000000e+03
7.678000000000000000e+03
7.679000000000000000e+03
7.681000000000000000e+03
7.683000000000000000e+03
7.684000000000000000e+03
7.691000000000000000e+03
7.694000000000000000e+03
7.696000000000000000e+03
7.698000000000000000e+03
7.699000000000000000e+03
7.700000000000000000e+03
7.707000000000000000e+03
7.708000000000000000e+03
7.709000000000000000e+03
7.710000000000000000e+03
7.714000000000000000e+03
7.716000000000000000e+03
7.721000000000000000e+03
7.722000000000000000e+03
7.733000000000000000e+03
7.738000000000000000e+03
7.739000000000000000e+03
7.741000000000000000e+03
7.742000000000000000e+03
7.743000000000000000e+03
7.744000000000000000e+03
7.748000000000000000e+03
7.750000000000000000e+03
7.753000000000000000e+03
7.755000000000000000e+03
7.756000000000000000e+03
7.762000000000000000e+03
7.767000000000000000e+03
7.768000000000000000e+03
7.771000000000000000e+03
7.773000000000000000e+03
7.775000000000000000e+03
7.776000000000000000e+03
7.779000000000000000e+03
7.780000000000000000e+03
7.784000000000000000e+03
7.785000000000000000e+03
7.787000000000000000e+03
7.788000000000000000e+03
7.789000000000000000e+03
7.793000000000000000e+03
7.794000000000000000e+03
7.795000000000000000e+03
7.796000000000000000e+03
7.797000000000000000e+03
7.802000000000000000e+03
7.803000000000000000e+03
7.804000000000000000e+03
7.805000000000000000e+03
7.807000000000000000e+03
7.811000000000000000e+03
7.812000000000000000e+03
7.813000000000000000e+03
7.815000000000000000e+03
7.816000000000000000e+03
7.818000000000000000e+03
7.819000000000000000e+03
7.821000000000000000e+03
7.822000000000000000e+03
7.823000000000000000e+03
7.826000000000000000e+03
7.829000000000000000e+03
7.831000000000000000e+03
7.832000000000000000e+03
7.835000000000000000e+03
7.836000000000000000e+03
7.839000000000000000e+03
7.842000000000000000e+03
7.843000000000000000e+03
7.844000000000000000e+03
7.852000000000000000e+03
7.859000000000000000e+03
7.861000000000000000e+03
7.862000000000000000e+03
7.863000000000000000e+03
7.870000000000000000e+03
7.874000000000000000e+03
7.875000000000000000e+03
7.876000000000000000e+03
7.882000000000000000e+03
7.885000000000000000e+03
7.891000000000000000e+03
7.894000000000000000e+03
7.896000000000000000e+03
7.897000000000000000e+03
7.901000000000000000e+03
7.903000000000000000e+03
7.905000000000000000e+03
7.908000000000000000e+03
7.910000000000000000e+03
7.912000000000000000e+03
7.913000000000000000e+03
7.914000000000000000e+03
7.917000000000000000e+03
7.919000000000000000e+03
7.921000000000000000e+03
7.922000000000000000e+03
7.923000000000000000e+03
7.924000000000000000e+03
7.925000000000000000e+03
7.928000000000000000e+03
7.931000000000000000e+03
7.933000000000000000e+03
7.936000000000000000e+03
7.937000000000000000e+03
7.938000000000000000e+03
7.942000000000000000e+03
7.945000000000000000e+03
7.946000000000000000e+03
7.947000000000000000e+03
7.948000000000000000e+03
7.949000000000000000e+03
7.952000000000000000e+03
7.953000000000000000e+03
7.954000000000000000e+03
7.955000000000000000e+03
7.957000000000000000e+03
7.958000000000000000e+03
7.960000000000000000e+03
7.962000000000000000e+03
7.964000000000000000e+03
7.969000000000000000e+03
7.972000000000000000e+03
7.976000000000000000e+03
7.980000000000000000e+03
7.981000000000000000e+03
7.989000000000000000e+03
7.992000000000000000e+03
7.995000000000000000e+03
7.998000000000000000e+03
8.000000000000000000e+03
8.005000000000000000e+03
8.007000000000000000e+03
8.008000000000000000e+03
8.013000000000000000e+03
8.014000000000000000e+03
8.020000000000000000e+03
8.023000000000000000e+03
8.027000000000000000e+03
8.030000000000000000e+03
8.031000000000000000e+03
8.034000000000000000e+03
8.035000000000000000e+03
8.037000000000000000e+03
8.039000000000000000e+03
8.040000000000000000e+03
8.042000000000000000e+03
8.044000000000000000e+03
8.045000000000000000e+03
8.047000000000000000e+03
8.049000000000000000e+03
8.050000000000000000e+03
8.056000000000000000e+03
8.064000000000000000e+03
8.067000000000000000e+03
8.069000000000000000e+03
8.070000000000000000e+03
8.071000000000000000e+03
8.073000000000000000e+03
8.074000000000000000e+03
8.075000000000000000e+03
8.077000000000000000e+03
8.078000000000000000e+03
8.079000000000000000e+03
8.080000000000000000e+03
8.081000000000000000e+03
8.086000000000000000e+03
8.090000000000000000e+03
8.091000000000000000e+03
8.094000000000000000e+03
8.095000000000000000e+03
8.097000000000000000e+03
8.100000000000000000e+03
8.102000000000000000e+03
8.103000000000000000e+03
8.105000000000000000e+03
8.108000000000000000e+03
8.109000000000000000e+03
8.111000000000000000e+03
8.112000000000000000e+03
8.113000000000000000e+03
8.115000000000000000e+03
8.117000000000000000e+03
8.118000000000000000e+03
8.119000000000000000e+03
8.121000000000000000e+03
8.122000000000000000e+03
8.125000000000000000e+03
8.127000000000000000e+03
8.130000000000000000e+03
8.132000000000000000e+03
8.136000000000000000e+03
8.137000000000000000e+03
8.140000000000000000e+03
8.146000000000000000e+03
8.147000000000000000e+03
8.150000000000000000e+03
8.156000000000000000e+03
8.158000000000000000e+03
8.161000000000000000e+03
8.163000000000000000e+03
8.167000000000000000e+03
8.168000000000000000e+03
8.169000000000000000e+03
8.170000000000000000e+03
8.173000000000000000e+03
8.174000000000000000e+03
8.178000000000000000e+03
8.179000000000000000e+03
8.180000000000000000e+03
8.183000000000000000e+03
8.187000000000000000e+03
8.188000000000000000e+03
8.189000000000000000e+03
8.190000000000000000e+03
8.191000000000000000e+03
