2.000000000000000000e+00
1.200000000000000000e+01
1.400000000000000000e+01
1.500000000000000000e+01
1.600000000000000000e+01
1.700000000000000000e+01
3.500000000000000000e+01
3.800000000000000000e+01
4.300000000000000000e+01
4.500000000000000000e+01
5.100000000000000000e+01
5.500000000000000000e+01
5.700000000000000000e+01
6.000000000000000000e+01
6.400000000000000000e+01
7.200000000000000000e+01
7.300000000000000000e+01
8.100000000000000000e+01
9.800000000000000000e+01
1.000000000000000000e+02
