1.72101449275
1.84178743961
2.50603864734
2.80797101449
3.92512077295
5.25362318841
7.0652173913
8.30314009662
10.0241545894
11.6847826087
13.3152173913
15.7910628019
16.4553140097
19.4746376812
19.9879227053
22.7355072464
23.520531401
24.8792270531
26.6304347826
28.1400966184
28.6231884058
31.038647343
31.7934782609
33.5446859903
34.5410628019
36.8357487923
36.5942028986
38.8285024155
39.4927536232
40.7910628019
42.4214975845
43.1763285024
44.806763285
45.8031400966
46.7391304348
47.9468599034
49.6074879227
49.4867149758
49.9396135266
51.6304347826
51.5700483092
52.9891304348
53.4722222222
53.8949275362
54.4082125604
54.0458937198
55.3442028986
54.4384057971
55.9480676329
55.5555555556
56.0688405797
56.7330917874
56.5519323671
57.0652173913
56.884057971
57.5785024155
57.3369565217
57.4879227053
57.8804347826
58.1823671498
58.2729468599
59.0579710145
58.5446859903
58.2729468599
58.5446859903
58.6050724638
58.8164251208
58.9673913043
59.1787439614
59.4504830918
58.8466183575
59.2089371981
59.1787439614
59.4806763285
59.0881642512
59.2391304348
59.8128019324
59.8128019324
59.8429951691
59.5712560386
59.6920289855
60.2958937198
60.0241545894
60.1147342995
60.2657004831
60.2355072464
60.5072463768
59.9033816425
60.0543478261
60.3562801932
60.6582125604
59.8429951691
60.4166666667
60.2355072464
60.7185990338
60.5374396135
60.7185990338
60.2355072464
60.6884057971
60.4468599034
60.4166666667
60.6582125604
60.5676328502
60.7487922705
60.8695652174
60.6884057971
60.8997584541
60.3260869565
60.7487922705
60.7789855072
60.5676328502
60.9299516908
60.8393719807
60.7789855072
60.9601449275
60.7185990338
60.6884057971
60.8695652174
61.0809178744
61.1413043478
