11.7822966507
14.8624401914
20.6937799043
26.7045454545
34.3899521531
38.6662679426
44.9162679426
48.8935406699
53.1698564593
56.5490430622
59.1507177033
60.9748803828
63.7858851675
65.490430622
68.0622009569
68.8696172249
70.7535885167
71.3217703349
72.3086124402
74.043062201
75.4784688995
75.269138756
76.764354067
76.5251196172
77.0933014354
77.8110047847
78.0502392344
78.528708134
78.9772727273
79.0071770335
79.6650717703
80.8911483254
79.8744019139
80.9210526316
80.5322966507
81.0107655502
82.1770334928
81.788277512
81.3397129187
81.9377990431
82.3265550239
82.6255980861
82.7153110048
82.4461722488
83.0442583732
82.9246411483
82.9246411483
83.2535885167
83.3433014354
83.2236842105
83.5227272727
84.240430622
83.6722488038
83.6423444976
84.0610047847
84.6291866029
83.971291866
84.4497607656
84.240430622
84.509569378
84.8983253589
84.4796650718
84.4796650718
84.3002392344
84.9880382775
84.7188995215
84.8684210526
84.6590909091
85.2571770335
84.8086124402
85.0777511962
85.1375598086
84.8983253589
85.1674641148
85.2571770335
85.4366028708
85.4366028708
85.4066985646
85.6758373206
85.4366028708
85.1076555024
85.3767942584
85.3468899522
85.7655502392
86.1842105263
85.1973684211
85.5562200957
85.7057416268
85.466507177
85.4964114833
85.4066985646
85.2272727273
85.6459330144
85.6160287081
85.4066985646
85.9748803828
85.4964114833
85.4964114833
85.2870813397
85.6459330144
85.8253588517
85.6758373206
85.6160287081
85.6459330144
85.8851674641
86.0944976077
85.6459330144
85.7057416268
85.8253588517
85.5562200957
85.8851674641
85.5263157895
85.5263157895
85.5861244019
85.7057416268
85.8552631579
86.1543062201
86.3337320574
86.2440191388
85.6758373206
86.0944976077
86.0346889952
85.9449760766
86.004784689
86.4533492823
86.3038277512
85.7655502392
86.3038277512
86.6028708134
86.1842105263
86.3337320574
86.2440191388
85.8552631579
86.0944976077
86.1244019139
86.1244019139
85.9449760766
86.3935406699
85.9449760766
86.0346889952
86.3337320574
86.3038277512
86.4533492823
86.0645933014
86.5131578947
86.4832535885
86.4832535885
86.2440191388
86.4234449761
86.543062201
86.0944976077
86.3636363636
86.0645933014
86.3337320574
86.6626794258
86.9019138756
86.3337320574
86.4533492823
86.6925837321
86.4234449761
85.9748803828
86.0645933014
86.0944976077
86.1543062201
86.1842105263
86.0944976077
86.3935406699
86.2141148325
86.543062201
86.5131578947
86.3337320574
86.6925837321
86.6925837321
86.1244019139
86.273923445
86.6327751196
86.6327751196
86.7523923445
86.5131578947
86.7523923445
86.3935406699
86.3337320574
